1856
72 60
72 61
72 62
73 62
74 62
74 63
74 64
73 64
72 64
72 65
72 66
73 66
74 66
74 67
74 68
73 68
72 68
72 69
72 70
73 70
74 70
74 71
74 72
73 72
72 72
71 72
70 72
70 73
70 74
69 74
68 74
67 74
66 74
65 74
64 74
64 73
64 72
65 72
66 72
66 71
66 70
66 69
66 68
65 68
64 68
63 68
62 68
61 68
60 68
59 68
58 68
57 68
56 68
55 68
54 68
53 68
52 68
52 67
51 67
50 67
49 67
48 67
47 67
46 67
45 67
44 67
43 67
42 67
41 67
40 67
40 66
41 66
42 66
43 66
44 66
45 66
46 66
47 66
48 66
49 66
50 66
51 66
52 66
53 66
54 66
55 66
56 66
57 66
58 66
59 66
60 66
61 66
62 66
63 66
64 66
65 66
66 66
66 65
65 65
64 65
64 64
65 64
66 64
67 64
68 64
68 63
68 62
67 62
66 62
66 61
66 60
67 60
68 60
69 60
70 60
70 59
70 58
69 58
68 58
67 58
66 58
66 57
66 56
67 56
68 56
69 56
70 56
71 56
72 56
72 55
72 54
71 54
70 54
69 54
68 54
67 54
66 54
65 54
64 54
63 54
62 54
61 54
60 54
59 54
58 54
57 54
56 54
56 55
56 56
57 56
58 56
59 56
60 56
60 57
61 57
62 57
62 58
61 58
60 58
59 58
58 58
57 58
56 58
55 58
54 58
53 58
52 58
51 58
50 58
49 58
48 58
48 59
48 60
49 60
50 60
51 60
52 60
53 60
54 60
55 60
56 60
57 60
58 60
59 60
60 60
61 60
62 60
62 61
62 62
63 62
64 62
64 63
63 63
62 63
62 64
61 64
60 64
59 64
58 64
57 64
56 64
55 64
54 64
53 64
52 64
51 64
50 64
49 64
48 64
47 64
46 64
45 64
44 64
43 64
42 64
41 64
40 64
39 64
38 64
37 64
36 64
35 64
34 64
33 64
32 64
31 64
30 64
29 64
28 64
28 65
27 65
26 65
26 66
27 66
28 66
29 66
30 66
31 66
32 66
33 66
34 66
35 66
36 66
37 66
38 66
38 67
38 68
37 68
36 68
35 68
34 68
34 69
34 70
35 70
36 70
37 70
38 70
39 70
40 70
41 70
42 70
43 70
44 70
45 70
46 70
47 70
48 70
49 70
50 70
51 70
52 70
52 71
51 71
50 71
49 71
48 71
47 71
46 71
45 71
44 71
43 71
42 71
41 71
40 71
40 72
39 72
38 72
37 72
36 72
35 72
34 72
33 72
32 72
31 72
30 72
29 72
28 72
28 71
28 70
29 70
30 70
30 69
31 69
31 68
30 68
29 68
28 68
27 68
26 68
25 68
24 68
24 67
23 67
22 67
21 67
20 67
19 67
18 67
17 67
16 67
15 67
14 67
13 67
12 67
11 67
10 67
9 67
8 67
7 67
6 67
5 67
4 67
3 67
2 67
2 66
3 66
4 66
5 66
6 66
7 66
8 66
9 66
10 66
11 66
12 66
13 66
14 66
15 66
16 66
17 66
18 66
19 66
20 66
21 66
22 66
23 66
24 66
24 65
23 65
22 65
21 65
20 65
19 65
18 65
17 65
16 65
15 65
14 65
13 65
12 65
11 65
10 65
9 65
8 65
7 65
6 65
5 65
4 65
3 65
2 65
2 64
3 64
4 64
5 64
6 64
7 64
8 64
9 64
10 64
11 64
12 64
13 64
14 64
15 64
16 64
17 64
18 64
19 64
20 64
21 64
22 64
23 64
24 64
24 63
23 63
22 63
21 63
20 63
19 63
18 63
17 63
16 63
15 63
14 63
13 63
12 63
11 63
10 63
9 63
8 63
7 63
6 63
5 63
4 63
3 63
2 63
2 62
3 62
4 62
5 62
6 62
7 62
8 62
9 62
10 62
11 62
12 62
13 62
14 62
15 62
16 62
17 62
18 62
19 62
20 62
21 62
22 62
23 62
24 62
24 61
23 61
22 61
21 61
20 61
19 61
18 61
17 61
16 61
15 61
14 61
13 61
12 61
11 61
10 61
9 61
8 61
7 61
6 61
5 61
4 61
3 61
2 61
2 60
3 60
4 60
5 60
6 60
7 60
8 60
9 60
10 60
11 60
12 60
13 60
14 60
15 60
16 60
16 59
17 59
18 59
19 59
20 59
21 59
22 59
23 59
24 59
25 59
26 59
27 59
27 58
26 58
25 58
24 58
23 58
22 58
21 58
20 58
19 58
18 58
17 58
16 58
16 57
17 57
18 57
19 57
20 57
21 57
22 57
23 57
24 57
25 57
26 57
27 57
27 56
26 56
25 56
24 56
23 56
22 56
21 56
20 56
19 56
18 56
17 56
16 56
15 56
14 56
13 56
12 56
12 57
12 58
13 58
14 58
14 59
13 59
12 59
11 59
10 59
9 59
8 59
7 59
6 59
5 59
4 59
3 59
2 59
2 58
3 58
4 58
4 57
4 56
5 56
6 56
7 56
8 56
8 55
8 54
7 54
6 54
5 54
4 54
4 53
4 52
5 52
6 52
7 52
8 52
9 52
10 52
10 51
10 50
9 50
8 50
7 50
6 50
5 50
4 50
3 50
2 50
2 49
2 48
3 48
4 48
4 47
4 46
4 45
4 44
5 44
6 44
7 44
8 44
9 44
10 44
11 44
12 44
13 44
14 44
15 44
16 44
17 44
18 44
19 44
20 44
21 44
22 44
23 44
24 44
24 45
25 45
26 45
26 46
27 46
28 46
28 47
28 48
27 48
26 48
25 48
24 48
23 48
22 48
21 48
20 48
19 48
18 48
17 48
16 48
15 48
14 48
13 48
12 48
12 49
12 50
13 50
14 50
15 50
16 50
17 50
18 50
19 50
20 50
21 50
22 50
23 50
24 50
25 50
26 50
27 50
28 50
29 50
30 50
31 50
32 50
33 50
34 50
35 50
36 50
37 50
38 50
39 50
39 51
38 51
38 52
39 52
40 52
41 52
42 52
43 52
44 52
44 53
44 54
43 54
42 54
41 54
40 54
40 55
40 56
41 56
42 56
43 56
44 56
45 56
46 56
47 56
48 56
48 55
48 54
49 54
50 54
50 53
50 52
51 52
52 52
53 52
54 52
55 52
56 52
57 52
58 52
59 52
60 52
61 52
62 52
63 52
64 52
65 52
66 52
67 52
68 52
69 52
70 52
70 51
70 50
70 49
70 48
69 48
68 48
67 48
66 48
66 49
65 49
64 49
64 48
64 47
64 46
65 46
66 46
67 46
68 46
69 46
70 46
70 45
70 44
69 44
68 44
67 44
66 44
65 44
64 44
64 43
65 43
66 43
67 43
67 42
68 42
69 42
70 42
71 42
72 42
73 42
74 42
74 41
74 40
74 39
74 38
73 38
72 38
72 39
72 40
71 40
70 40
69 40
68 40
68 39
68 38
67 38
66 38
65 38
64 38
63 38
62 38
61 38
60 38
59 38
58 38
57 38
56 38
56 39
56 40
57 40
58 40
59 40
60 40
61 40
62 40
63 40
64 40
64 41
65 41
65 42
64 42
63 42
62 42
61 42
60 42
59 42
58 42
57 42
56 42
56 43
56 44
56 45
56 46
57 46
58 46
59 46
60 46
60 47
60 48
59 48
58 48
57 48
56 48
55 48
54 48
53 48
52 48
52 47
53 47
53 46
54 46
54 45
54 44
53 44
52 44
51 44
50 44
49 44
48 44
47 44
46 44
45 44
44 44
43 44
42 44
42 43
43 43
44 43
44 42
45 42
46 42
47 42
48 42
49 42
50 42
50 41
50 40
49 40
48 40
48 39
48 38
47 38
46 38
45 38
44 38
43 38
42 38
42 37
42 36
41 36
40 36
39 36
38 36
37 36
36 36
35 36
34 36
34 35
34 34
35 34
36 34
37 34
38 34
39 34
40 34
41 34
42 34
43 34
44 34
45 34
46 34
46 33
46 32
45 32
44 32
43 32
42 32
41 32
40 32
39 32
38 32
37 32
36 32
35 32
34 32
34 31
34 30
35 30
36 30
37 30
38 30
39 30
40 30
41 30
42 30
43 30
43 29
42 29
41 29
40 29
39 29
38 29
37 29
36 29
35 29
34 29
33 29
32 29
31 29
30 29
29 29
28 29
27 29
26 29
25 29
24 29
23 29
22 29
21 29
20 29
19 29
18 29
17 29
17 28
16 28
15 28
14 28
13 28
12 28
11 28
10 28
10 27
11 27
12 27
13 27
14 27
14 26
15 26
16 26
17 26
18 26
19 26
20 26
20 27
19 27
19 28
20 28
21 28
22 28
22 27
23 27
23 26
24 26
25 26
26 26
27 26
28 26
29 26
30 26
31 26
32 26
33 26
34 26
35 26
36 26
37 26
38 26
39 26
40 26
41 26
42 26
43 26
44 26
44 27
43 27
42 27
41 27
40 27
39 27
38 27
37 27
36 27
35 27
34 27
33 27
32 27
32 28
33 28
34 28
35 28
36 28
37 28
38 28
39 28
40 28
41 28
42 28
43 28
44 28
45 28
46 28
46 29
46 30
47 30
48 30
49 30
50 30
50 31
50 32
49 32
48 32
48 33
48 34
49 34
50 34
51 34
52 34
53 34
54 34
55 34
56 34
57 34
57 35
56 35
55 35
54 35
54 36
55 36
56 36
57 36
58 36
59 36
60 36
61 36
62 36
62 35
63 35
64 35
65 35
65 34
66 34
67 34
67 33
68 33
68 32
67 32
66 32
66 31
67 31
68 31
68 30
69 30
69 29
68 29
67 29
66 29
66 30
65 30
64 30
64 29
64 28
63 28
62 28
61 28
60 28
59 28
58 28
57 28
56 28
55 28
54 28
54 27
54 26
55 26
56 26
57 26
58 26
59 26
60 26
61 26
62 26
63 26
64 26
65 26
66 26
66 27
67 27
68 27
69 27
70 27
70 28
71 28
71 29
72 29
73 29
74 29
74 28
74 27
74 26
74 25
74 24
73 24
72 24
71 24
70 24
69 24
68 24
67 24
66 24
65 24
64 24
63 24
62 24
61 24
60 24
59 24
58 24
57 24
56 24
56 23
57 23
58 23
59 23
60 23
61 23
62 23
63 23
64 23
65 23
66 23
67 23
68 23
69 23
70 23
71 23
72 23
72 22
71 22
70 22
69 22
68 22
67 22
66 22
65 22
64 22
63 22
62 22
61 22
60 22
59 22
58 22
57 22
56 22
56 21
57 21
58 21
59 21
60 21
61 21
62 21
63 21
64 21
65 21
66 21
67 21
68 21
69 21
70 21
71 21
72 21
73 21
74 21
74 20
73 20
72 20
71 20
70 20
69 20
68 20
67 20
66 20
65 20
64 20
63 20
62 20
61 20
60 20
59 20
58 20
57 20
56 20
56 19
57 19
57 18
58 18
59 18
60 18
61 18
62 18
63 18
64 18
65 18
66 18
67 18
68 18
69 18
70 18
71 18
71 17
72 17
73 17
73 16
72 16
71 16
70 16
69 16
68 16
67 16
66 16
65 16
64 16
63 16
62 16
61 16
60 16
59 16
58 16
57 16
56 16
55 16
54 16
54 15
54 14
53 14
52 14
51 14
50 14
49 14
48 14
47 14
46 14
45 14
44 14
43 14
42 14
41 14
40 14
39 14
38 14
38 13
39 13
40 13
41 13
42 13
43 13
44 13
45 13
46 13
47 13
48 13
49 13
50 13
50 12
49 12
48 12
47 12
46 12
45 12
44 12
43 12
42 12
41 12
40 12
39 12
38 12
37 12
36 12
36 11
36 10
37 10
38 10
39 10
40 10
41 10
42 10
43 10
44 10
45 10
46 10
47 10
48 10
49 10
50 10
51 10
52 10
53 10
54 10
55 10
56 10
57 10
58 10
58 9
58 8
57 8
56 8
56 7
57 7
58 7
58 6
57 6
56 6
55 6
54 6
53 6
52 6
51 6
50 6
49 6
48 6
47 6
46 6
45 6
44 6
43 6
42 6
41 6
40 6
39 6
38 6
38 7
39 7
40 7
41 7
42 7
43 7
44 7
45 7
46 7
47 7
48 7
49 7
49 8
48 8
47 8
46 8
45 8
44 8
43 8
42 8
41 8
40 8
39 8
38 8
37 8
36 8
35 8
34 8
33 8
32 8
31 8
30 8
30 9
30 10
31 10
32 10
32 11
32 12
31 12
30 12
29 12
28 12
28 13
28 14
29 14
29 15
30 15
30 16
31 16
32 16
33 16
34 16
35 16
36 16
37 16
38 16
39 16
40 16
41 16
42 16
43 16
44 16
44 17
45 17
45 18
46 18
47 18
48 18
49 18
50 18
50 19
49 19
48 19
48 20
49 20
50 20
50 21
50 22
51 22
52 22
53 22
54 22
54 23
54 24
53 24
52 24
51 24
50 24
49 24
48 24
47 24
46 24
45 24
44 24
43 24
42 24
41 24
40 24
39 24
38 24
37 24
36 24
35 24
34 24
33 24
32 24
31 24
30 24
29 24
28 24
27 24
26 24
25 24
24 24
24 25
23 25
22 25
21 25
20 25
19 25
18 25
17 25
16 25
15 25
14 25
13 25
13 24
14 24
15 24
16 24
17 24
18 24
18 23
17 23
16 23
16 22
17 22
18 22
19 22
20 22
21 22
22 22
23 22
24 22
25 22
26 22
26 23
27 23
28 23
29 23
30 23
31 23
31 22
32 22
33 22
34 22
35 22
36 22
37 22
38 22
39 22
40 22
41 22
42 22
43 22
43 21
42 21
41 21
40 21
39 21
38 21
37 21
36 21
35 21
34 21
33 21
32 21
31 21
30 21
30 20
31 20
32 20
32 19
33 19
34 19
35 19
36 19
37 19
38 19
39 19
40 19
41 19
42 19
43 19
43 18
42 18
41 18
40 18
39 18
38 18
37 18
36 18
35 18
34 18
33 18
32 18
31 18
30 18
29 18
28 18
27 18
26 18
25 18
24 18
23 18
22 18
22 17
23 17
23 16
22 16
21 16
20 16
19 16
18 16
17 16
16 16
16 17
16 18
17 18
18 18
19 18
20 18
20 19
20 20
19 20
18 20
17 20
16 20
15 20
14 20
13 20
12 20
11 20
10 20
10 21
10 22
9 22
8 22
7 22
6 22
5 22
4 22
3 22
2 22
2 23
3 23
4 23
4 24
5 24
6 24
6 25
7 25
8 25
9 25
10 25
11 25
12 25
12 26
11 26
10 26
9 26
8 26
7 26
6 26
5 26
4 26
3 26
2 26
2 27
2 28
3 28
4 28
5 28
6 28
7 28
8 28
9 28
9 29
10 29
11 29
12 29
13 29
13 30
14 30
15 30
16 30
17 30
17 31
18 31
19 31
20 31
21 31
22 31
23 31
24 31
25 31
26 31
27 31
28 31
29 31
30 31
30 32
31 32
32 32
32 33
31 33
30 33
29 33
28 33
27 33
26 33
25 33
24 33
23 33
22 33
21 33
20 33
19 33
18 33
17 33
16 33
15 33
14 33
13 33
12 33
11 33
10 33
9 33
8 33
7 33
6 33
5 33
4 33
3 33
2 33
2 34
3 34
4 34
5 34
6 34
7 34
8 34
9 34
10 34
11 34
12 34
13 34
14 34
15 34
16 34
17 34
18 34
19 34
20 34
21 34
22 34
22 35
23 35
24 35
24 36
25 36
26 36
27 36
28 36
29 36
30 36
31 36
32 36
32 37
31 37
30 37
29 37
28 37
27 37
26 37
25 37
24 37
23 37
22 37
21 37
20 37
19 37
18 37
17 37
16 37
15 37
14 37
13 37
12 37
11 37
10 37
9 37
8 37
7 37
6 37
5 37
4 37
3 37
2 37
2 38
3 38
4 38
5 38
6 38
7 38
8 38
9 38
10 38
11 38
12 38
13 38
14 38
15 38
16 38
17 38
18 38
19 38
20 38
21 38
22 38
23 38
24 38
25 38
26 38
26 39
26 40
27 40
28 40
29 40
30 40
31 40
32 40
33 40
34 40
35 40
36 40
37 40
38 40
39 40
40 40
40 41
40 42
39 42
38 42
37 42
36 42
35 42
34 42
33 42
32 42
31 42
30 42
30 43
30 44
31 44
32 44
32 45
32 46
33 46
34 46
35 46
36 46
37 46
38 46
39 46
40 46
41 46
42 46
42 47
42 48
43 48
44 48
44 49
44 50
45 50
46 50
47 50
48 50
49 50
50 50
51 50
52 50
53 50
54 50
55 50
56 50
57 50
58 50
59 50
60 50
61 50
62 50
63 50
64 50
65 50
66 50
66 51