2752
71 97
71 98
70 98
69 98
68 98
67 98
66 98
65 98
64 98
64 97
64 96
63 96
62 96
61 96
60 96
59 96
58 96
58 95
58 94
59 94
60 94
61 94
62 94
63 94
64 94
65 94
66 94
66 95
66 96
67 96
68 96
69 96
70 96
71 96
72 96
73 96
74 96
75 96
76 96
77 96
78 96
79 96
80 96
81 96
82 96
83 96
84 96
85 96
86 96
87 96
88 96
89 96
90 96
90 95
89 95
89 94
90 94
91 94
92 94
93 94
94 94
94 93
94 92
93 92
92 92
91 92
90 92
89 92
88 92
87 92
86 92
85 92
84 92
83 92
82 92
82 91
82 90
83 90
84 90
85 90
86 90
87 90
88 90
89 90
90 90
90 89
90 88
91 88
92 88
92 87
92 86
93 86
94 86
95 86
96 86
96 85
96 84
96 83
96 82
95 82
94 82
94 81
94 80
95 80
96 80
96 79
96 78
95 78
94 78
93 78
92 78
91 78
90 78
89 78
88 78
88 79
88 80
89 80
90 80
90 81
89 81
88 81
88 82
89 82
90 82
91 82
92 82
92 83
92 84
91 84
90 84
89 84
88 84
87 84
86 84
85 84
84 84
84 83
84 82
85 82
86 82
86 81
86 80
85 80
84 80
83 80
82 80
81 80
80 80
79 80
78 80
77 80
76 80
75 80
74 80
74 79
74 78
73 78
72 78
71 78
70 78
69 78
68 78
68 77
68 76
69 76
70 76
71 76
72 76
73 76
74 76
75 76
76 76
77 76
78 76
78 75
78 74
77 74
76 74
76 75
75 75
74 75
73 75
72 75
71 75
70 75
69 75
68 75
67 75
66 75
65 75
64 75
63 75
62 75
61 75
60 75
60 74
59 74
58 74
58 75
58 76
59 76
60 76
61 76
62 76
63 76
64 76
64 77
64 78
63 78
62 78
61 78
60 78
59 78
58 78
57 78
56 78
55 78
54 78
53 78
52 78
52 79
52 80
53 80
54 80
54 81
54 82
55 82
56 82
56 83
57 83
57 84
58 84
59 84
60 84
60 85
59 85
58 85
58 86
59 86
60 86
61 86
62 86
63 86
64 86
65 86
66 86
67 86
68 86
69 86
70 86
71 86
72 86
72 87
72 88
71 88
70 88
69 88
68 88
67 88
66 88
66 89
66 90
65 90
64 90
63 90
62 90
61 90
60 90
60 91
60 92
59 92
58 92
57 92
56 92
56 91
57 91
57 90
56 90
55 90
54 90
53 90
52 90
51 90
50 90
50 91
49 91
48 91
48 92
49 92
50 92
51 92
52 92
53 92
54 92
54 93
54 94
55 94
56 94
56 95
56 96
55 96
54 96
53 96
52 96
52 97
52 98
51 98
50 98
49 98
48 98
47 98
46 98
45 98
44 98
43 98
42 98
41 98
40 98
40 97
40 96
41 96
42 96
43 96
44 96
44 95
44 94
44 93
44 92
43 92
42 92
42 93
42 94
41 94
40 94
39 94
38 94
37 94
36 94
35 94
34 94
34 95
34 96
35 96
36 96
36 97
36 98
35 98
34 98
33 98
32 98
31 98
30 98
29 98
28 98
27 98
26 98
25 98
24 98
23 98
22 98
21 98
20 98
20 97
20 96
19 96
18 96
17 96
16 96
15 96
14 96
13 96
12 96
11 96
10 96
9 96
8 96
7 96
6 96
5 96
4 96
3 96
2 96
2 95
2 94
3 94
4 94
5 94
6 94
7 94
8 94
9 94
10 94
11 94
12 94
13 94
14 94
15 94
16 94
17 94
18 94
19 94
20 94
21 94
22 94
22 93
22 92
23 92
24 92
25 92
26 92
27 92
28 92
29 92
30 92
31 92
32 92
33 92
34 92
34 91
34 90
34 89
33 89
32 89
32 88
33 88
34 88
35 88
36 88
36 87
36 86
37 86
38 86
39 86
40 86
41 86
42 86
43 86
44 86
45 86
46 86
47 86
48 86
49 86
50 86
51 86
52 86
52 85
53 85
54 85
54 84
53 84
52 84
51 84
50 84
49 84
48 84
47 84
46 84
45 84
44 84
43 84
42 84
41 84
40 84
39 84
38 84
37 84
36 84
35 84
34 84
33 84
32 84
31 84
30 84
29 84
28 84
28 83
28 82
29 82
30 82
31 82
32 82
33 82
34 82
35 82
36 82
37 82
38 82
39 82
40 82
41 82
42 82
43 82
44 82
45 82
46 82
47 82
48 82
48 81
47 81
46 81
45 81
44 81
43 81
42 81
41 81
40 81
39 81
38 81
37 81
36 81
35 81
34 81
33 81
32 81
31 81
30 81
29 81
28 81
27 81
26 81
25 81
24 81
23 81
22 81
22 80
23 80
24 80
25 80
26 80
27 80
28 80
29 80
30 80
31 80
32 80
33 80
34 80
35 80
36 80
37 80
38 80
39 80
40 80
41 80
42 80
43 80
44 80
45 80
46 80
47 80
48 80
48 79
47 79
46 79
45 79
44 79
43 79
42 79
41 79
40 79
39 79
38 79
37 79
37 78
38 78
39 78
40 78
41 78
42 78
43 78
44 78
45 78
46 78
47 78
48 78
49 78
50 78
50 77
50 76
49 76
48 76
47 76
46 76
45 76
44 76
43 76
42 76
41 76
40 76
39 76
38 76
37 76
36 76
35 76
34 76
33 76
32 76
31 76
30 76
29 76
28 76
27 76
26 76
25 76
24 76
23 76
22 76
22 77
23 77
24 77
25 77
26 77
27 77
28 77
29 77
30 77
31 77
32 77
33 77
34 77
34 78
33 78
32 78
31 78
30 78
29 78
28 78
27 78
26 78
25 78
24 78
23 78
22 78
21 78
20 78
19 78
18 78
18 79
19 79
19 80
18 80
17 80
16 80
15 80
14 80
14 79
14 78
13 78
12 78
12 79
12 80
11 80
10 80
9 80
8 80
8 79
8 78
9 78
10 78
10 77
10 76
11 76
12 76
13 76
14 76
15 76
16 76
17 76
18 76
18 75
18 74
19 74
19 73
18 73
18 72
19 72
20 72
21 72
22 72
23 72
24 72
25 72
26 72
27 72
28 72
29 72
30 72
31 72
32 72
33 72
33 73
32 73
31 73
30 73
29 73
28 73
27 73
26 73
25 73
24 73
23 73
22 73
22 74
23 74
24 74
25 74
26 74
27 74
28 74
29 74
30 74
31 74
32 74
33 74
34 74
35 74
36 74
37 74
38 74
39 74
40 74
40 73
41 73
42 73
42 74
43 74
44 74
45 74
46 74
46 73
46 72
47 72
48 72
49 72
50 72
51 72
52 72
53 72
54 72
55 72
56 72
57 72
58 72
59 72
60 72
61 72
62 72
63 72
64 72
65 72
66 72
67 72
68 72
69 72
70 72
71 72
72 72
73 72
74 72
75 72
76 72
77 72
78 72
79 72
80 72
81 72
82 72
83 72
84 72
85 72
86 72
86 71
86 70
87 70
88 70
89 70
90 70
91 70
92 70
93 70
94 70
95 70
96 70
96 69
96 68
95 68
94 68
93 68
92 68
91 68
90 68
90 67
89 67
88 67
88 66
89 66
90 66
91 66
92 66
92 65
92 64
93 64
94 64
95 64
96 64
96 63
96 62
96 61
96 60
95 60
94 60
93 60
92 60
91 60
90 60
89 60
88 60
87 60
86 60
85 60
84 60
83 60
82 60
81 60
80 60
80 61
80 62
81 62
82 62
83 62
84 62
84 63
83 63
82 63
82 64
81 64
80 64
80 65
80 66
80 67
79 67
78 67
77 67
76 67
75 67
74 67
73 67
72 67
71 67
70 67
69 67
68 67
67 67
66 67
65 67
64 67
63 67
62 67
62 66
63 66
64 66
65 66
66 66
67 66
68 66
69 66
70 66
71 66
72 66
73 66
74 66
75 66
76 66
77 66
78 66
78 65
77 65
76 65
75 65
74 65
73 65
72 65
71 65
70 65
69 65
68 65
67 65
66 65
65 65
64 65
63 65
62 65
62 64
63 64
64 64
65 64
66 64
67 64
68 64
69 64
70 64
71 64
72 64
73 64
74 64
75 64
76 64
77 64
78 64
78 63
77 63
76 63
75 63
74 63
73 63
72 63
71 63
70 63
69 63
68 63
67 63
66 63
66 62
67 62
68 62
69 62
70 62
71 62
72 62
73 62
74 62
75 62
76 62
77 62
78 62
78 61
77 61
76 61
75 61
74 61
73 61
72 61
71 61
70 61
69 61
68 61
67 61
66 61
66 60
67 60
68 60
69 60
70 60
71 60
72 60
73 60
74 60
75 60
76 60
77 60
78 60
78 59
78 58
79 58
80 58
80 57
81 57
82 57
82 58
83 58
84 58
84 57
84 56
85 56
86 56
86 55
87 55
88 55
88 54
89 54
90 54
90 55
90 56
91 56
92 56
93 56
94 56
94 55
94 54
95 54
95 53
94 53
93 53
92 53
91 53
90 53
89 53
88 53
87 53
86 53
86 54
85 54
84 54
83 54
82 54
81 54
80 54
79 54
79 53
80 53
80 52
81 52
82 52
83 52
84 52
84 51
84 50
83 50
82 50
81 50
80 50
80 49
80 48
81 48
82 48
83 48
84 48
85 48
86 48
87 48
87 47
88 47
89 47
90 47
91 47
92 47
93 47
94 47
95 47
96 47
97 47
98 47
98 46
97 46
96 46
95 46
94 46
93 46
92 46
91 46
90 46
89 46
88 46
87 46
86 46
85 46
84 46
83 46
82 46
81 46
80 46
79 46
78 46
77 46
76 46
76 47
76 48
77 48
78 48
78 49
77 49
76 49
76 50
77 50
78 50
78 51
78 52
77 52
76 52
75 52
74 52
74 53
74 54
75 54
76 54
77 54
78 54
78 55
78 56
77 56
76 56
75 56
74 56
73 56
72 56
72 55
72 54
71 54
70 54
70 55
70 56
69 56
68 56
68 57
68 58
67 58
66 58
65 58
64 58
63 58
62 58
61 58
60 58
60 57
60 56
59 56
58 56
58 55
58 54
59 54
60 54
61 54
62 54
63 54
64 54
65 54
66 54
67 54
68 54
68 53
68 52
67 52
66 52
65 52
64 52
63 52
62 52
61 52
60 52
60 51
60 50
61 50
62 50
62 49
63 49
64 49
64 48
63 48
63 47
64 47
64 46
63 46
62 46
61 46
60 46
59 46
58 46
57 46
56 46
55 46
54 46
54 45
54 44
53 44
52 44
51 44
50 44
49 44
48 44
47 44
46 44
46 43
45 43
44 43
43 43
42 43
41 43
40 43
39 43
38 43
37 43
36 43
35 43
34 43
34 44
35 44
36 44
37 44
38 44
39 44
40 44
41 44
42 44
43 44
44 44
45 44
45 45
44 45
43 45
42 45
41 45
40 45
39 45
38 45
37 45
36 45
35 45
34 45
34 46
35 46
36 46
37 46
38 46
39 46
40 46
41 46
42 46
43 46
44 46
44 47
44 48
45 48
46 48
47 48
48 48
48 49
48 50
49 50
50 50
51 50
52 50
52 51
52 52
53 52
54 52
54 53
54 54
54 55
54 56
53 56
52 56
51 56
50 56
50 57
49 57
48 57
48 58
49 58
50 58
51 58
52 58
53 58
54 58
55 58
56 58
57 58
58 58
59 58
59 59
60 59
60 60
59 60
58 60
57 60
56 60
55 60
54 60
53 60
52 60
51 60
50 60
49 60
48 60
48 61
48 62
49 62
50 62
50 63
50 64
51 64
52 64
52 65
52 66
53 66
54 66
54 67
54 68
55 68
56 68
57 68
58 68
59 68
60 68
61 68
62 68
63 68
64 68
65 68
66 68
67 68
68 68
69 68
70 68
71 68
72 68
73 68
74 68
75 68
76 68
77 68
78 68
79 68
80 68
81 68
82 68
82 69
82 70
81 70
80 70
79 70
78 70
77 70
76 70
75 70
74 70
73 70
72 70
71 70
70 70
69 70
68 70
67 70
66 70
65 70
64 70
63 70
62 70
61 70
60 70
59 70
58 70
57 70
56 70
55 70
54 70
53 70
52 70
51 70
50 70
49 70
48 70
47 70
46 70
45 70
44 70
43 70
42 70
41 70
40 70
40 69
40 68
40 67
40 66
39 66
38 66
37 66
36 66
36 67
36 68
35 68
34 68
33 68
32 68
31 68
30 68
29 68
28 68
27 68
26 68
25 68
24 68
23 68
22 68
21 68
20 68
19 68
18 68
17 68
17 69
18 69
19 69
19 70
18 70
17 70
16 70
15 70
14 70
13 70
12 70
11 70
10 70
9 70
8 70
8 69
8 68
9 68
10 68
11 68
12 68
13 68
14 68
15 68
16 68
16 67
17 67
18 67
19 67
20 67
21 67
22 67
23 67
24 67
25 67
26 67
27 67
28 67
29 67
29 66
30 66
30 65
29 65
28 65
28 64
29 64
30 64
31 64
32 64
33 64
34 64
35 64
36 64
36 63
36 62
37 62
38 62
39 62
40 62
40 61
41 61
42 61
42 60
41 60
40 60
39 60
38 60
37 60
36 60
36 61
35 61
34 61
34 62
33 62
32 62
31 62
30 62
30 61
30 60
31 60
32 60
33 60
34 60
34 59
34 58
34 57
34 56
35 56
36 56
36 57
36 58
37 58
38 58
39 58
40 58
40 57
40 56
41 56
42 56
43 56
44 56
44 55
43 55
42 55
42 54
43 54
44 54
44 53
44 52
45 52
46 52
46 51
46 50
45 50
44 50
43 50
42 50
41 50
40 50
39 50
38 50
37 50
36 50
36 51
36 52
35 52
34 52
33 52
32 52
31 52
30 52
29 52
28 52
27 52
26 52
25 52
24 52
23 52
22 52
22 53
22 54
21 54
20 54
19 54
18 54
18 55
18 56
19 56
20 56
21 56
22 56
23 56
24 56
25 56
26 56
27 56
28 56
29 56
30 56
30 57
30 58
29 58
28 58
27 58
26 58
25 58
24 58
23 58
22 58
21 58
20 58
19 58
18 58
17 58
16 58
15 58
14 58
13 58
12 58
12 57
12 56
13 56
14 56
14 55
14 54
15 54
16 54
16 53
16 52
15 52
14 52
14 51
14 50
15 50
16 50
17 50
18 50
19 50
20 50
20 49
20 48
19 48
18 48
18 47
18 46
19 46
20 46
21 46
22 46
23 46
24 46
24 45
23 45
22 45
21 45
20 45
19 45
18 45
17 45
16 45
15 45
14 45
13 45
12 45
12 44
13 44
14 44
15 44
16 44
17 44
18 44
19 44
20 44
21 44
22 44
23 44
24 44
24 43
23 43
22 43
21 43
20 43
19 43
18 43
17 43
16 43
15 43
14 43
13 43
12 43
12 42
13 42
14 42
15 42
16 42
17 42
18 42
19 42
20 42
21 42
22 42
23 42
24 42
25 42
26 42
27 42
28 42
29 42
30 42
31 42
32 42
33 42
34 42
35 42
36 42
37 42
38 42
39 42
40 42
41 42
42 42
43 42
44 42
45 42
46 42
47 42
48 42
49 42
50 42
51 42
52 42
53 42
54 42
55 42
56 42
57 42
58 42
59 42
60 42
61 42
62 42
63 42
64 42
65 42
66 42
66 41
66 40
67 40
68 40
68 39
69 39
70 39
70 38
69 38
68 38
67 38
66 38
65 38
64 38
63 38
62 38
61 38
60 38
59 38
58 38
57 38
56 38
55 38
54 38
53 38
52 38
51 38
50 38
49 38
48 38
47 38
46 38
45 38
44 38
43 38
42 38
41 38
40 38
39 38
38 38
37 38
36 38
35 38
34 38
34 39
35 39
36 39
37 39
38 39
39 39
40 39
41 39
42 39
43 39
44 39
45 39
45 40
44 40
43 40
42 40
41 40
40 40
39 40
38 40
37 40
36 40
35 40
34 40
33 40
32 40
31 40
30 40
29 40
28 40
28 39
28 38
29 38
30 38
30 37
30 36
29 36
28 36
27 36
26 36
26 35
26 34
27 34
28 34
29 34
30 34
31 34
32 34
32 35
33 35
34 35
35 35
35 34
36 34
37 34
38 34
39 34
40 34
41 34
42 34
42 33
42 32
43 32
44 32
44 31
44 30
43 30
42 30
41 30
40 30
39 30
38 30
37 30
36 30
35 30
34 30
34 29
34 28
35 28
36 28
37 28
38 28
39 28
40 28
41 28
42 28
43 28
44 28
45 28
46 28
47 28
48 28
48 29
48 30
49 30
50 30
50 29
50 28
51 28
52 28
53 28
54 28
55 28
56 28
57 28
58 28
58 27
58 26
57 26
56 26
55 26
54 26
53 26
52 26
51 26
50 26
49 26
48 26
47 26
46 26
45 26
44 26
43 26
42 26
41 26
40 26
39 26
38 26
37 26
36 26
35 26
34 26
33 26
32 26
31 26
30 26
30 25
30 24
31 24
32 24
32 23
32 22
33 22
34 22
35 22
36 22
37 22
38 22
39 22
40 22
40 21
40 20
39 20
38 20
37 20
36 20
35 20
34 20
33 20
32 20
31 20
30 20
29 20
28 20
27 20
26 20
25 20
24 20
23 20
22 20
21 20
20 20
20 19
20 18
21 18
22 18
23 18
24 18
25 18
26 18
27 18
28 18
29 18
30 18
31 18
32 18
33 18
34 18
35 18
36 18
37 18
38 18
39 18
40 18
41 18
42 18
43 18
44 18
44 19
44 20
45 20
46 20
47 20
48 20
49 20
50 20
50 19
50 18
50 17
50 16
51 16
52 16
52 15
52 14
53 14
54 14
54 13
54 12
53 12
52 12
51 12
50 12
49 12
48 12
47 12
46 12
46 11
46 10
47 10
48 10
49 10
50 10
51 10
52 10
53 10
54 10
54 9
54 8
55 8
56 8
57 8
58 8
58 7
58 6
59 6
60 6
61 6
62 6
63 6
64 6
65 6
66 6
67 6
68 6
68 5
68 4
67 4
66 4
65 4
64 4
63 4
62 4
61 4
60 4
59 4
59 3
60 3
60 2
59 2
58 2
57 2
56 2
55 2
54 2
53 2
52 2
51 2
50 2
50 3
50 4
51 4
52 4
52 5
52 6
51 6
50 6
49 6
48 6
47 6
46 6
45 6
44 6
43 6
42 6
41 6
40 6
40 7
40 8
41 8
42 8
42 9
41 9
40 9
39 9
39 10
38 10
37 10
36 10
35 10
34 10
33 10
32 10
31 10
30 10
29 10
28 10
27 10
26 10
25 10
24 10
23 10
22 10
21 10
20 10
19 10
18 10
17 10
17 9
18 9
19 9
20 9
21 9
22 9
23 9
24 9
25 9
26 9
27 9
28 9
29 9
30 9
31 9
32 9
33 9
34 9
35 9
36 9
36 8
35 8
34 8
33 8
32 8
31 8
30 8
29 8
28 8
27 8
26 8
25 8
24 8
23 8
22 8
21 8
20 8
19 8
18 8
17 8
16 8
15 8
14 8
13 8
12 8
11 8
10 8
9 8
8 8
7 8
6 8
5 8
4 8
3 8
2 8
2 9
3 9
4 9
5 9
6 9
7 9
8 9
9 9
10 9
11 9
12 9
13 9
14 9
14 10
13 10
12 10
11 10
10 10
9 10
8 10
7 10
6 10
5 10
4 10
3 10
2 10
2 11
3 11
3 12
4 12
5 12
6 12
7 12
8 12
9 12
10 12
11 12
12 12
13 12
14 12
14 13
13 13
12 13
11 13
10 13
9 13
8 13
7 13
6 13
5 13
4 13
3 13
3 14
4 14
5 14
6 14
7 14
8 14
9 14
10 14
11 14
12 14
13 14
14 14
14 15
13 15
12 15
11 15
10 15
9 15
8 15
7 15
6 15
5 15
4 15
3 15
2 15
2 16
3 16
4 16
5 16
6 16
7 16
8 16
9 16
10 16
11 16
12 16
13 16
14 16
14 17
13 17
12 17
11 17
10 17
9 17
8 17
7 17
6 17
5 17
4 17
3 17
2 17
2 18
3 18
4 18
5 18
6 18
7 18
8 18
9 18
10 18
11 18
12 18
13 18
14 18
15 18
16 18
17 18
18 18
18 19
18 20
17 20
16 20
15 20
14 20
13 20
12 20
11 20
10 20
9 20
8 20
7 20
6 20
6 21
6 22
7 22
8 22
8 23
8 24
7 24
6 24
5 24
4 24
3 24
2 24
2 25
3 25
4 25
5 25
5 26
6 26
7 26
8 26
9 26
10 26
10 27
10 28
11 28
12 28
13 28
14 28
15 28
16 28
17 28
18 28
19 28
20 28
21 28
22 28
23 28
24 28
25 28
26 28
26 29
26 30
27 30
28 30
28 31
28 32
27 32
26 32
25 32
24 32
23 32
22 32
21 32
20 32
19 32
18 32
18 33
18 34
19 34
20 34
21 34
22 34
23 34
24 34
24 35
23 35
22 35
21 35
20 35
19 35
18 35
17 35
16 35
15 35
15 34
14 34
13 34
12 34
11 34
10 34
9 34
8 34
7 34
6 34
6 35
6 36
7 36
8 36
9 36
10 36
11 36
12 36
13 36
14 36
15 36
16 36
17 36
18 36
19 36
20 36
21 36
22 36
23 36
24 36
24 37
23 37
22 37
21 37
20 37
19 37
18 37
17 37
16 37
15 37
14 37
13 37
12 37
12 38
13 38
14 38
15 38
16 38
17 38
18 38
19 38
20 38
21 38
22 38
23 38
24 38
25 38
26 38
26 39
26 40
25 40
24 40
23 40
22 40
21 40
20 40
19 40
18 40
17 40
16 40
15 40
14 40
13 40
12 40
11 40
10 40
9 40
8 40
7 40
6 40
5 40
4 40
3 40
2 40
2 41
2 42
3 42
4 42
5 42
6 42
7 42
8 42
9 42
10 42
10 43
10 44
9 44
8 44
7 44
6 44
5 44
4 44
3 44
2 44
2 45
2 46
3 46
4 46
5 46
6 46
7 46
8 46
9 46
10 46
11 46
12 46
13 46
14 46
14 47
14 48
13 48
12 48
11 48
10 48
10 49
10 50
9 50
8 50
7 50
6 50
5 50
4 50
3 50
2 50
2 51
2 52
3 52
4 52
5 52
6 52
7 52
8 52
9 52
10 52
11 52
12 52
12 53
12 54
12 55
11 55
10 55
10 56
9 56
8 56
7 56
6 56
5 56
4 56
3 56
2 56
2 57
2 58
2 59
2 60
3 60
4 60
5 60
6 60
7 60
8 60
9 60
10 60
11 60
12 60
13 60
14 60
15 60
16 60
16 61
17 61
18 61
19 61
20 61
21 61
22 61
23 61
24 61
25 61
26 61
27 61
27 62
26 62
25 62
24 62
23 62
22 62
21 62
20 62
19 62
18 62
17 62
16 62
15 62
14 62
13 62
12 62
11 62
10 62
9 62
8 62
7 62
6 62
5 62
4 62
3 62
2 62
2 63
2 64
3 64
4 64
5 64
6 64
7 64
8 64
9 64
10 64
11 64
12 64
13 64
14 64
14 65
15 65
16 65
17 65
18 65
19 65
20 65
21 65
22 65
23 65
24 65
25 65
26 65
27 65
27 66
26 66
25 66
24 66
23 66
22 66
21 66
20 66
19 66
18 66
17 66
16 66
15 66
14 66
13 66
12 66
11 66
10 66
9 66
8 66
7 66
6 66
5 66
4 66
3 66
2 66
2 67
2 68
2 69
2 70
3 70
4 70
5 70
6 70
6 71
5 71
4 71
3 71
2 71
2 72
3 72
4 72
5 72
6 72
6 73
5 73
4 73
3 73
2 73
2 74
3 74
4 74
5 74
6 74
6 75
5 75
4 75
3 75
2 75
2 76
3 76
4 76
5 76
6 76
7 76
7 77
6 77
5 77
4 77
3 77
2 77
2 78
3 78
4 78
5 78
6 78
6 79
5 79
4 79
3 79
2 79
2 80
3 80
4 80
5 80
6 80
6 81
5 81
4 81
3 81
2 81
2 82
3 82
4 82
5 82
6 82
7 82
8 82
8 83
8 84
9 84
10 84
11 84
12 84
13 84
14 84
15 84
16 84
17 84
18 84
19 84
20 84
21 84
22 84
23 84
24 84
25 84
26 84
26 85
26 86
26 87
26 88
26 89
26 90
25 90
24 90
23 90
22 90
21 90
20 90
19 90
18 90
17 90
16 90
15 90
14 90
13 90
12 90
11 90
10 90
9 90
8 90
7 90
6 90
5 90
4 90
3 90
2 90
2 91
2 92
3 92
4 92
5 92
6 92
7 92
8 92
9 92
10 92
11 92
12 92
13 92
14 92
15 92
16 92
17 92
18 92
18 93
17 93
16 93
15 93
14 93
13 93
12 93
11 93
10 93
9 93
8 93
7 93
6 93