239
8 2
7 2
6 2
5 2
4 2
3 2
2 2
2 3
3 3
4 3
5 3
6 3
7 3
8 3
9 3
10 3
10 4
9 4
8 4
7 4
6 4
5 4
4 4
3 4
2 4
2 5
2 6
2 7
2 8
3 8
4 8
4 7
4 6
5 6
6 6
7 6
8 6
9 6
10 6
11 6
12 6
13 6
14 6
15 6
16 6
17 6
18 6
19 6
20 6
20 7
20 8
21 8
21 9
20 9
20 10
21 10
22 10
23 10
24 10
24 11
24 12
23 12
22 12
21 12
20 12
19 12
18 12
18 13
17 13
16 13
15 13
14 13
13 13
12 13
12 14
13 14
14 14
15 14
16 14
17 14
18 14
18 15
17 15
16 15
15 15
14 15
13 15
12 15
12 16
13 16
14 16
15 16
16 16
17 16
18 16
18 17
17 17
16 17
15 17
14 17
13 17
12 17
12 18
13 18
14 18
15 18
16 18
17 18
18 18
18 19
19 19
19 20
20 20
20 21
21 21
22 21
23 21
24 21
24 22
23 22
22 22
21 22
20 22
19 22
19 23
20 23
21 23
22 23
23 23
23 24
22 24
21 24
20 24
19 24
18 24
17 24
16 24
15 24
14 24
13 24
12 24
11 24
10 24
9 24
8 24
7 24
6 24
6 23
5 23
4 23
3 23
2 23
2 22
3 22
4 22
5 22
6 22
6 21
5 21
4 21
3 21
2 21
2 20
3 20
4 20
5 20
6 20
7 20
8 20
8 19
7 19
6 19
5 19
4 19
3 19
2 19
2 18
3 18
4 18
5 18
6 18
7 18
8 18
8 17
7 17
6 17
5 17
4 17
4 16
5 16
6 16
7 16
8 16
9 16
9 15
9 14
10 14
10 13
10 12
11 12
12 12
13 12
14 12
15 12
16 12
16 11
17 11
17 10
16 10
16 9
17 9
17 8
16 8
15 8
14 8
13 8
12 8
12 9
12 10
11 10
10 10
9 10
8 10
7 10
6 10
6 11
6 12
5 12
5 13
6 13
6 14
5 14
4 14
3 14
3 15
2 15
2 16
2 17
3 17