2824
35 95
36 95
37 95
38 95
39 95
40 95
41 95
42 95
43 95
44 95
44 96
43 96
42 96
41 96
40 96
39 96
38 96
37 96
36 96
35 96
34 96
34 97
34 98
35 98
36 98
37 98
38 98
39 98
40 98
41 98
42 98
43 98
44 98
45 98
46 98
47 98
48 98
49 98
50 98
51 98
52 98
53 98
54 98
54 97
54 96
53 96
52 96
51 96
50 96
49 96
48 96
47 96
46 96
46 95
46 94
45 94
44 94
43 94
42 94
41 94
40 94
39 94
38 94
37 94
36 94
35 94
34 94
33 94
32 94
32 95
32 96
31 96
30 96
29 96
28 96
27 96
26 96
25 96
24 96
23 96
22 96
21 96
20 96
20 95
19 95
18 95
18 96
17 96
16 96
15 96
14 96
13 96
12 96
12 97
11 97
10 97
9 97
8 97
7 97
6 97
5 97
4 97
3 97
2 97
2 96
3 96
4 96
5 96
6 96
7 96
8 96
9 96
10 96
10 95
9 95
8 95
7 95
6 95
5 95
4 95
3 95
2 95
2 94
3 94
4 94
5 94
6 94
7 94
8 94
9 94
10 94
11 94
12 94
13 94
14 94
15 94
16 94
17 94
18 94
19 94
20 94
21 94
22 94
23 94
24 94
25 94
26 94
27 94
28 94
28 93
29 93
29 92
30 92
30 91
30 90
31 90
32 90
33 90
34 90
34 89
34 88
35 88
36 88
37 88
38 88
38 89
38 90
39 90
40 90
41 90
42 90
43 90
44 90
44 91
44 92
45 92
46 92
46 91
46 90
47 90
48 90
48 89
48 88
49 88
50 88
51 88
52 88
52 89
53 89
54 89
54 90
55 90
56 90
57 90
58 90
58 91
58 92
59 92
60 92
61 92
62 92
63 92
64 92
65 92
66 92
67 92
68 92
69 92
70 92
70 91
71 91
72 91
72 92
73 92
74 92
74 93
74 94
75 94
76 94
77 94
78 94
79 94
80 94
81 94
82 94
82 93
83 93
83 92
82 92
81 92
80 92
79 92
78 92
78 91
78 90
79 90
80 90
80 89
80 88
80 87
80 86
81 86
82 86
83 86
83 85
82 85
82 84
83 84
84 84
84 83
84 82
85 82
86 82
86 81
86 80
85 80
84 80
83 80
82 80
81 80
80 80
80 81
80 82
79 82
78 82
77 82
76 82
76 83
76 84
77 84
78 84
78 85
78 86
77 86
76 86
75 86
74 86
73 86
72 86
71 86
70 86
69 86
68 86
67 86
66 86
65 86
64 86
64 85
64 84
63 84
62 84
62 83
62 82
61 82
60 82
60 81
59 81
58 81
58 80
59 80
60 80
61 80
62 80
63 80
64 80
65 80
66 80
67 80
68 80
69 80
70 80
71 80
72 80
73 80
74 80
75 80
76 80
76 79
77 79
78 79
79 79
80 79
81 79
82 79
83 79
84 79
84 78
83 78
82 78
81 78
80 78
79 78
78 78
77 78
76 78
75 78
74 78
74 77
74 76
75 76
76 76
77 76
78 76
79 76
80 76
81 76
82 76
83 76
84 76
85 76
86 76
86 77
86 78
87 78
88 78
89 78
90 78
90 79
91 79
92 79
93 79
94 79
95 79
95 78
94 78
94 77
94 76
95 76
96 76
97 76
98 76
98 75
98 74
97 74
96 74
95 74
94 74
93 74
92 74
91 74
90 74
89 74
88 74
87 74
86 74
85 74
84 74
83 74
82 74
81 74
80 74
79 74
78 74
77 74
76 74
75 74
74 74
73 74
72 74
71 74
70 74
70 73
70 72
69 72
68 72
67 72
66 72
65 72
64 72
64 73
64 74
65 74
66 74
67 74
68 74
68 75
68 76
69 76
70 76
71 76
72 76
72 77
71 77
70 77
70 78
69 78
68 78
67 78
66 78
65 78
64 78
63 78
62 78
61 78
60 78
59 78
58 78
57 78
56 78
55 78
54 78
53 78
52 78
51 78
50 78
49 78
48 78
48 79
48 80
47 80
46 80
45 80
44 80
43 80
42 80
42 81
42 82
41 82
40 82
40 83
40 84
41 84
42 84
43 84
44 84
45 84
46 84
46 83
47 83
48 83
49 83
50 83
51 83
51 84
52 84
53 84
54 84
55 84
56 84
57 84
58 84
59 84
60 84
60 85
60 86
59 86
58 86
57 86
56 86
55 86
54 86
53 86
52 86
51 86
50 86
49 86
48 86
47 86
46 86
45 86
44 86
43 86
42 86
41 86
40 86
39 86
38 86
37 86
36 86
35 86
34 86
33 86
32 86
31 86
30 86
29 86
28 86
27 86
26 86
26 87
26 88
25 88
24 88
24 89
23 89
23 90
24 90
25 90
26 90
26 91
26 92
25 92
24 92
23 92
22 92
21 92
20 92
19 92
18 92
17 92
16 92
15 92
14 92
13 92
12 92
11 92
10 92
9 92
8 92
7 92
6 92
5 92
4 92
3 92
2 92
2 91
3 91
3 90
2 90
2 89
2 88
3 88
4 88
5 88
6 88
7 88
8 88
8 89
9 89
10 89
10 88
11 88
12 88
13 88
14 88
15 88
16 88
17 88
18 88
19 88
20 88
21 88
22 88
22 87
22 86
21 86
20 86
19 86
18 86
17 86
16 86
15 86
14 86
13 86
12 86
11 86
10 86
10 85
10 84
9 84
8 84
7 84
6 84
6 83
6 82
7 82
8 82
9 82
10 82
11 82
12 82
13 82
14 82
15 82
16 82
17 82
18 82
19 82
20 82
21 82
22 82
22 81
23 81
24 81
24 80
23 80
22 80
21 80
20 80
19 80
18 80
17 80
16 80
16 79
17 79
18 79
19 79
20 79
21 79
22 79
23 79
24 79
24 78
23 78
22 78
21 78
20 78
19 78
18 78
17 78
16 78
16 77
17 77
17 76
18 76
19 76
20 76
21 76
22 76
23 76
24 76
25 76
26 76
27 76
28 76
29 76
30 76
31 76
32 76
33 76
34 76
35 76
36 76
37 76
38 76
38 77
38 78
39 78
40 78
41 78
42 78
43 78
44 78
45 78
46 78
46 77
46 76
47 76
48 76
49 76
50 76
51 76
52 76
53 76
53 75
54 75
54 74
55 74
56 74
57 74
58 74
59 74
60 74
60 73
61 73
61 72
62 72
62 71
62 70
63 70
64 70
64 69
65 69
66 69
67 69
68 69
69 69
70 69
71 69
71 70
72 70
73 70
74 70
75 70
76 70
76 69
76 68
75 68
74 68
73 68
72 68
71 68
70 68
69 68
68 68
67 68
66 68
65 68
64 68
63 68
62 68
61 68
60 68
59 68
58 68
57 68
56 68
55 68
54 68
53 68
52 68
52 69
53 69
54 69
54 70
53 70
52 70
51 70
50 70
49 70
48 70
47 70
46 70
45 70
44 70
43 70
42 70
42 71
42 72
43 72
44 72
45 72
46 72
47 72
48 72
49 72
50 72
50 73
50 74
49 74
48 74
47 74
46 74
45 74
44 74
43 74
42 74
41 74
40 74
39 74
38 74
37 74
36 74
35 74
34 74
33 74
32 74
32 73
31 73
30 73
29 73
28 73
28 72
29 72
30 72
31 72
32 72
33 72
34 72
35 72
36 72
37 72
38 72
38 71
37 71
36 71
36 70
37 70
38 70
39 70
40 70
40 69
40 68
41 68
42 68
43 68
44 68
44 67
44 66
43 66
42 66
41 66
40 66
40 67
39 67
38 67
38 68
37 68
36 68
36 67
36 66
37 66
38 66
38 65
38 64
39 64
40 64
41 64
42 64
43 64
44 64
45 64
46 64
47 64
48 64
49 64
50 64
51 64
52 64
53 64
54 64
55 64
56 64
57 64
58 64
59 64
60 64
61 64
62 64
63 64
64 64
65 64
66 64
67 64
68 64
69 64
70 64
71 64
72 64
73 64
74 64
74 65
74 66
75 66
76 66
77 66
78 66
79 66
80 66
80 65
80 64
80 63
80 62
81 62
82 62
82 61
82 60
83 60
84 60
85 60
86 60
87 60
88 60
89 60
90 60
91 60
92 60
93 60
94 60
95 60
96 60
97 60
98 60
98 59
98 58
98 57
98 56
97 56
97 55
96 55
95 55
94 55
94 54
95 54
96 54
97 54
98 54
98 53
98 52
97 52
96 52
95 52
94 52
94 51
94 50
93 50
92 50
92 49
91 49
90 49
89 49
89 48
90 48
91 48
92 48
93 48
94 48
95 48
96 48
96 47
97 47
98 47
99 47
99 46
98 46
97 46
96 46
95 46
94 46
94 45
93 45
92 45
92 44
92 43
91 43
90 43
89 43
88 43
87 43
86 43
85 43
84 43
83 43
82 43
82 42
83 42
84 42
85 42
86 42
87 42
88 42
89 42
90 42
91 42
92 42
93 42
94 42
94 43
94 44
95 44
96 44
96 43
97 43
98 43
99 43
99 42
98 42
97 42
96 42
96 41
97 41
98 41
98 40
97 40
96 40
96 39
96 38
97 38
98 38
98 37
97 37
96 37
96 36
97 36
98 36
98 35
99 35
99 34
98 34
97 34
96 34
95 34
94 34
94 35
94 36
93 36
92 36
92 37
91 37
90 37
89 37
88 37
87 37
86 37
85 37
84 37
83 37
82 37
81 37
80 37
79 37
78 37
78 38
79 38
80 38
81 38
82 38
83 38
84 38
85 38
86 38
87 38
88 38
89 38
90 38
91 38
92 38
93 38
94 38
94 39
94 40
93 40
92 40
91 40
90 40
89 40
88 40
87 40
86 40
85 40
84 40
83 40
82 40
81 40
80 40
79 40
78 40
78 41
78 42
79 42
80 42
80 43
80 44
81 44
82 44
82 45
83 45
84 45
85 45
86 45
87 45
88 45
89 45
90 45
90 46
89 46
88 46
87 46
86 46
85 46
84 46
83 46
82 46
81 46
80 46
79 46
78 46
77 46
76 46
75 46
74 46
73 46
72 46
71 46
70 46
69 46
68 46
67 46
66 46
66 45
66 44
65 44
64 44
63 44
62 44
61 44
60 44
59 44
58 44
58 45
58 46
59 46
60 46
60 47
60 48
59 48
58 48
57 48
56 48
55 48
54 48
53 48
52 48
51 48
50 48
49 48
48 48
47 48
46 48
46 49
46 50
47 50
48 50
49 50
50 50
51 50
52 50
53 50
54 50
55 50
56 50
57 50
58 50
59 50
60 50
61 50
62 50
63 50
64 50
65 50
66 50
66 51
66 52
67 52
68 52
69 52
70 52
71 52
71 51
70 51
70 50
71 50
72 50
73 50
74 50
75 50
76 50
77 50
78 50
79 50
80 50
81 50
82 50
83 50
84 50
85 50
86 50
86 51
86 52
87 52
88 52
88 53
88 54
87 54
86 54
85 54
84 54
83 54
82 54
82 55
82 56
81 56
80 56
79 56
78 56
77 56
76 56
75 56
74 56
73 56
72 56
71 56
70 56
69 56
68 56
67 56
66 56
66 57
66 58
67 58
68 58
69 58
70 58
71 58
72 58
73 58
74 58
75 58
76 58
77 58
78 58
78 59
78 60
78 61
78 62
77 62
76 62
75 62
74 62
73 62
72 62
71 62
70 62
69 62
68 62
67 62
66 62
65 62
64 62
63 62
62 62
61 62
60 62
59 62
58 62
57 62
56 62
55 62
54 62
53 62
52 62
51 62
50 62
50 61
50 60
49 60
48 60
48 61
48 62
47 62
46 62
45 62
44 62
43 62
42 62
41 62
40 62
40 61
40 60
41 60
42 60
43 60
44 60
45 60
46 60
46 59
47 59
48 59
48 58
47 58
46 58
45 58
44 58
43 58
42 58
42 57
42 56
43 56
44 56
45 56
46 56
47 56
48 56
49 56
50 56
51 56
52 56
53 56
54 56
55 56
56 56
57 56
58 56
59 56
60 56
61 56
62 56
63 56
64 56
64 55
64 54
63 54
62 54
61 54
60 54
59 54
58 54
57 54
56 54
55 54
54 54
53 54
52 54
51 54
50 54
49 54
48 54
47 54
46 54
45 54
44 54
43 54
42 54
41 54
40 54
39 54
38 54
37 54
36 54
35 54
34 54
34 55
33 55
32 55
32 56
33 56
34 56
35 56
36 56
36 57
36 58
35 58
34 58
33 58
32 58
32 59
32 60
33 60
34 60
35 60
36 60
36 61
37 61
38 61
38 62
37 62
36 62
35 62
34 62
33 62
32 62
31 62
30 62
29 62
28 62
27 62
26 62
25 62
24 62
24 61
25 61
25 60
24 60
24 59
25 59
26 59
26 58
25 58
24 58
23 58
22 58
21 58
20 58
19 58
18 58
17 58
16 58
15 58
14 58
14 59
14 60
15 60
16 60
17 60
18 60
19 60
20 60
20 61
20 62
20 63
20 64
21 64
22 64
22 65
22 66
23 66
24 66
24 67
25 67
26 67
27 67
28 67
29 67
30 67
31 67
32 67
32 68
31 68
30 68
29 68
28 68
27 68
26 68
25 68
24 68
23 68
22 68
21 68
20 68
19 68
18 68
17 68
16 68
15 68
14 68
14 69
14 70
13 70
12 70
11 70
10 70
10 71
10 72
11 72
12 72
13 72
14 72
15 72
16 72
16 73
17 73
18 73
19 73
20 73
21 73
22 73
23 73
24 73
25 73
26 73
27 73
27 74
26 74
25 74
24 74
23 74
22 74
21 74
20 74
19 74
18 74
17 74
16 74
15 74
14 74
14 75
15 75
15 76
14 76
14 77
14 78
14 79
14 80
13 80
12 80
11 80
10 80
9 80
8 80
7 80
6 80
5 80
4 80
3 80
2 80
2 79
3 79
3 78
4 78
4 77
3 77
2 77
2 76
3 76
4 76
5 76
6 76
7 76
8 76
8 75
7 75
6 75
5 75
4 75
3 75
2 75
2 74
3 74
4 74
5 74
6 74
7 74
8 74
8 73
7 73
6 73
5 73
4 73
3 73
2 73
2 72
3 72
4 72
5 72
6 72
7 72
8 72
8 71
7 71
6 71
5 71
4 71
3 71
2 71
2 70
3 70
4 70
5 70
6 70
7 70
8 70
8 69
7 69
6 69
5 69
4 69
3 69
2 69
2 68
3 68
4 68
5 68
6 68
7 68
8 68
8 67
7 67
6 67
5 67
4 67
3 67
2 67
2 66
3 66
4 66
5 66
6 66
7 66
8 66
8 65
7 65
6 65
5 65
4 65
3 65
2 65
2 64
3 64
4 64
5 64
6 64
7 64
8 64
9 64
10 64
10 63
10 62
9 62
8 62
7 62
6 62
5 62
4 62
4 61
4 60
3 60
2 60
2 59
2 58
3 58
4 58
5 58
6 58
7 58
8 58
9 58
10 58
11 58
12 58
12 57
13 57
13 56
12 56
12 55
12 54
11 54
10 54
9 54
8 54
8 55
8 56
7 56
6 56
5 56
4 56
3 56
2 56
2 55
2 54
3 54
4 54
5 54
6 54
6 53
6 52
7 52
8 52
9 52
10 52
11 52
12 52
13 52
14 52
15 52
16 52
17 52
18 52
18 53
18 54
17 54
16 54
16 55
16 56
17 56
18 56
19 56
20 56
21 56
22 56
23 56
24 56
25 56
26 56
27 56
28 56
29 56
29 55
28 55
28 54
29 54
30 54
30 53
30 52
31 52
32 52
32 51
32 50
33 50
34 50
35 50
36 50
36 49
36 48
35 48
34 48
34 47
34 46
33 46
32 46
31 46
30 46
29 46
28 46
27 46
26 46
26 45
25 45
24 45
24 44
23 44
22 44
22 45
22 46
21 46
20 46
20 47
20 48
21 48
22 48
23 48
24 48
25 48
26 48
27 48
28 48
29 48
30 48
30 49
30 50
29 50
28 50
27 50
26 50
25 50
24 50
23 50
22 50
21 50
20 50
19 50
18 50
17 50
16 50
15 50
14 50
13 50
12 50
11 50
10 50
9 50
8 50
7 50
6 50
5 50
4 50
3 50
2 50
2 49
2 48
3 48
4 48
5 48
6 48
7 48
8 48
9 48
10 48
10 47
10 46
9 46
8 46
7 46
6 46
6 45
5 45
5 44
4 44
3 44
2 44
2 43
3 43
4 43
4 42
4 41
4 40
4 39
4 38
5 38
6 38
7 38
8 38
8 39
8 40
9 40
10 40
11 40
12 40
13 40
14 40
15 40
16 40
17 40
18 40
19 40
20 40
21 40
22 40
22 41
22 42
23 42
24 42
25 42
26 42
27 42
28 42
29 42
30 42
31 42
32 42
32 41
32 40
33 40
34 40
35 40
36 40
37 40
38 40
38 41
39 41
40 41
40 42
40 43
40 44
39 44
38 44
38 45
38 46
39 46
40 46
41 46
42 46
43 46
44 46
45 46
46 46
47 46
48 46
48 45
48 44
49 44
50 44
50 43
50 42
51 42
52 42
52 43
53 43
54 43
54 44
55 44
56 44
56 43
56 42
57 42
58 42
59 42
60 42
60 41
60 40
61 40
62 40
63 40
64 40
65 40
66 40
66 41
66 42
67 42
68 42
69 42
70 42
71 42
72 42
73 42
74 42
74 41
74 40
74 39
74 38
75 38
75 37
74 37
74 36
75 36
76 36
77 36
78 36
79 36
80 36
81 36
82 36
83 36
84 36
85 36
86 36
87 36
88 36
89 36
90 36
90 35
91 35
91 34
90 34
89 34
88 34
87 34
86 34
85 34
84 34
83 34
82 34
81 34
80 34
79 34
78 34
78 33
79 33
80 33
81 33
82 33
83 33
84 33
85 33
85 32
84 32
83 32
82 32
81 32
80 32
79 32
78 32
77 32
77 31
78 31
78 30
79 30
80 30
81 30
82 30
83 30
84 30
85 30
86 30
87 30
88 30
89 30
90 30
91 30
92 30
92 29
93 29
94 29
94 28
95 28
96 28
97 28
98 28
98 27
98 26
97 26
96 26
95 26
94 26
94 25
94 24
93 24
92 24
91 24
90 24
89 24
88 24
88 23
88 22
89 22
90 22
91 22
92 22
93 22
94 22
95 22
96 22
97 22
98 22
98 21
98 20
97 20
96 20
95 20
94 20
93 20
92 20
91 20
90 20
89 20
88 20
87 20
86 20
85 20
84 20
83 20
82 20
81 20
80 20
80 21
80 22
81 22
82 22
83 22
84 22
84 23
84 24
83 24
82 24
81 24
80 24
79 24
78 24
77 24
76 24
75 24
74 24
73 24
72 24
71 24
70 24
70 23
70 22
71 22
72 22
73 22
74 22
75 22
76 22
76 21
76 20
75 20
74 20
73 20
72 20
71 20
70 20
69 20
68 20
68 19
67 19
66 19
66 18
67 18
68 18
69 18
70 18
71 18
72 18
73 18
74 18
74 17
74 16
75 16
76 16
77 16
78 16
79 16
80 16
81 16
82 16
82 15
81 15
80 15
79 15
78 15
77 15
76 15
75 15
74 15
74 14
75 14
76 14
77 14
78 14
79 14
80 14
81 14
82 14
83 14
84 14
85 14
86 14
87 14
88 14
88 13
88 12
88 11
88 10
87 10
86 10
86 9
86 8
85 8
84 8
84 7
84 6
83 6
82 6
82 5
83 5
83 4
84 4
84 3
84 2
83 2
82 2
81 2
80 2
79 2
78 2
77 2
76 2
75 2
74 2
73 2
72 2
71 2
70 2
69 2
68 2
68 3
68 4
67 4
66 4
65 4
64 4
64 5
64 6
65 6
66 6
67 6
68 6
69 6
70 6
71 6
72 6
73 6
74 6
75 6
76 6
76 7
75 7
74 7
73 7
72 7
71 7
70 7
69 7
68 7
68 8
69 8
70 8
71 8
72 8
73 8
74 8
75 8
76 8
77 8
78 8
79 8
80 8
81 8
82 8
82 9
81 9
80 9
79 9
78 9
77 9
76 9
75 9
74 9
73 9
72 9
71 9
70 9
69 9
68 9
68 10
69 10
70 10
71 10
72 10
73 10
74 10
75 10
76 10
77 10
78 10
79 10
80 10
81 10
82 10
83 10
84 10
84 11
84 12
83 12
82 12
81 12
80 12
79 12
78 12
77 12
76 12
75 12
74 12
73 12
72 12
71 12
70 12
69 12
68 12
68 13
69 13
69 14
68 14
67 14
66 14
65 14
64 14
63 14
62 14
61 14
60 14
60 13
60 12
59 12
58 12
57 12
56 12
55 12
54 12
53 12
52 12
52 11
51 11
50 11
49 11
48 11
47 11
46 11
45 11
44 11
43 11
42 11
42 12
43 12
44 12
45 12
46 12
47 12
48 12
49 12
50 12
50 13
49 13
48 13
47 13
46 13
45 13
44 13
43 13
42 13
42 14
43 14
44 14
45 14
46 14
47 14
48 14
49 14
49 15
48 15
47 15
46 15
45 15
44 15
43 15
42 15
42 16
41 16
40 16
39 16
38 16
38 17
38 18
39 18
40 18
41 18
42 18
43 18
44 18
45 18
46 18
46 19
46 20
46 21
46 22
47 22
48 22
49 22
50 22
50 21
50 20
51 20
52 20
53 20
54 20
54 21
54 22
54 23
54 24
53 24
52 24
52 25
52 26
51 26
50 26
49 26
48 26
47 26
46 26
45 26
44 26
43 26
42 26
41 26
40 26
39 26
38 26
37 26
36 26
35 26
34 26
34 25
34 24
35 24
36 24
36 23
36 22
35 22
34 22
33 22
32 22
31 22
30 22
29 22
28 22
27 22
26 22
25 22
24 22
23 22
22 22
21 22
20 22
19 22
18 22
17 22
16 22
16 21
16 20
17 20
18 20
19 20
20 20
20 21
21 21
22 21
23 21
24 21
25 21
25 20
26 20
26 19
25 19
24 19
24 18
25 18
26 18
26 17
26 16
27 16
28 16
29 16
30 16
31 16
32 16
32 15
32 14
33 14
34 14
34 13
33 13
32 13
32 12
33 12
34 12
35 12
36 12
37 12
38 12
38 11
38 10
39 10
40 10
40 9
40 8
41 8
42 8
42 7
42 6
41 6
40 6
39 6
38 6
38 5
38 4
39 4
40 4
41 4
42 4
43 4
44 4
44 3
44 2
43 2
42 2
41 2
40 2
39 2
38 2
37 2
36 2
35 2
34 2
33 2
32 2
31 2
30 2
30 3
30 4
29 4
28 4
27 4
26 4
25 4
24 4
23 4
22 4
21 4
20 4
19 4
18 4
17 4
16 4
15 4
14 4
13 4
12 4
12 3
13 3
14 3
15 3
16 3
17 3
18 3
19 3
19 2
18 2
17 2
16 2
15 2
14 2
13 2
12 2
11 2
10 2
9 2
8 2
7 2
6 2
5 2
4 2
3 2
2 2
2 3
3 3
3 4
4 4
5 4
6 4
6 5
6 6
7 6
8 6
9 6
10 6
10 7
10 8
11 8
12 8
12 9
13 9
14 9
14 10
15 10
16 10
16 11
16 12
15 12
14 12
13 12
12 12
11 12
10 12
9 12
8 12
7 12
6 12
5 12
4 12
3 12
2 12
2 13
2 14
3 14
4 14
4 15
4 16
5 16
6 16
7 16
8 16
9 16
10 16
11 16
12 16
12 17
12 18
13 18
14 18
14 19
14 20
13 20
12 20
11 20
10 20
9 20
8 20
7 20
6 20
5 20
4 20
3 20
2 20
2 21
2 22
3 22
4 22
5 22
6 22
7 22
8 22
9 22
10 22
11 22
12 22
13 22
14 22
14 23
14 24
13 24
12 24
12 25
12 26
13 26
14 26
15 26
16 26
16 27
16 28
17 28
18 28
19 28
20 28
21 28
22 28
23 28
24 28
25 28
26 28
27 28
28 28
29 28
30 28
31 28
32 28
33 28
34 28
35 28
36 28
37 28
38 28
39 28
40 28
40 29
40 30
39 30
38 30
37 30
36 30
35 30
34 30
33 30
32 30
32 31
32 32
32 33
32 34
31 34
30 34
29 34
28 34
27 34
26 34
26 35
26 36
27 36
28 36
29 36
30 36
31 36
32 36
32 37
32 38
33 38
34 38
35 38
36 38
37 38
38 38
38 37
38 36
37 36
36 36
36 35
37 35
37 34
38 34
39 34
40 34
41 34
42 34
43 34
44 34
45 34
46 34
47 34
48 34
49 34
50 34
51 34
52 34
53 34
54 34
55 34
56 34
57 34
58 34
59 34
60 34
61 34
62 34
63 34
64 34
65 34
66 34
67 34
68 34
69 34
70 34
71 34
72 34
73 34
74 34
74 33
74 32
75 32
75 31
74 31
74 30
75 30
76 30
76 29
77 29
77 28
76 28
76 27
77 27
77 26
76 26
75 26
74 26
73 26
72 26
71 26
70 26
69 26
68 26
67 26
66 26
65 26
64 26
63 26
62 26
61 26
60 26
59 26
58 26
57 26
56 26
56 27
56 28
57 28
58 28
59 28
60 28
61 28
62 28
63 28
64 28
65 28
66 28
67 28
68 28
69 28
70 28
70 29
70 30
69 30
68 30
67 30
66 30
65 30
64 30
63 30
62 30
61 30
60 30
59 30
58 30
57 30
56 30
56 31
56 32
55 32
54 32
53 32
52 32
51 32
50 32
49 32
48 32
47 32
46 32
45 32
44 32
43 32
42 32
41 32
40 32
39 32
38 32
37 32
36 32
35 32