1770
88 94
89 94
90 94
90 95
90 96
91 96
92 96
92 97
92 98
93 98
94 98
94 97
94 96
94 95
94 94
93 94
92 94
92 93
92 92
92 91
92 90
93 90
94 90
95 90
96 90
97 90
98 90
98 89
98 88
98 87
98 86
97 86
96 86
96 85
96 84
97 84
98 84
98 83
98 82
98 81
98 80
97 80
96 80
95 80
94 80
93 80
92 80
91 80
90 80
90 81
90 82
91 82
92 82
93 82
94 82
94 83
94 84
93 84
92 84
91 84
90 84
90 85
90 86
91 86
92 86
93 86
94 86
94 87
94 88
93 88
92 88
91 88
90 88
89 88
88 88
88 89
88 90
87 90
86 90
85 90
84 90
84 91
84 92
85 92
86 92
86 93
86 94
85 94
84 94
84 95
84 96
83 96
82 96
81 96
80 96
79 96
78 96
78 95
77 95
76 95
76 96
75 96
74 96
73 96
72 96
71 96
70 96
69 96
68 96
67 96
66 96
66 97
67 97
67 98
67 99
66 99
65 99
64 99
63 99
62 99
61 99
60 99
59 99
59 98
60 98
61 98
61 97
60 97
59 97
58 97
57 97
56 97
56 96
57 96
58 96
59 96
60 96
61 96
62 96
62 95
61 95
61 94
62 94
63 94
63 93
64 93
65 93
66 93
67 93
68 93
69 93
70 93
71 93
72 93
73 93
74 93
74 92
75 92
76 92
77 92
78 92
79 92
80 92
80 91
80 90
81 90
82 90
82 89
82 88
83 88
84 88
84 87
84 86
84 85
84 84
83 84
82 84
81 84
80 84
79 84
78 84
77 84
76 84
76 85
76 86
75 86
74 86
73 86
72 86
71 86
70 86
69 86
68 86
67 86
67 85
68 85
69 85
70 85
70 84
71 84
72 84
73 84
74 84
75 84
75 83
74 83
73 83
72 83
71 83
70 83
70 82
69 82
68 82
67 82
66 82
66 83
65 83
65 84
64 84
63 84
63 85
62 85
61 85
61 86
60 86
59 86
58 86
57 86
56 86
55 86
55 85
56 85
57 85
58 85
59 85
60 85
60 84
59 84
58 84
57 84
56 84
55 84
54 84
54 83
55 83
56 83
57 83
58 83
59 83
60 83
61 83
61 82
62 82
63 82
64 82
65 82
65 81
64 81
63 81
62 81
61 81
60 81
59 81
58 81
57 81
57 80
56 80
55 80
54 80
53 80
52 80
52 81
53 81
54 81
54 82
53 82
52 82
51 82
50 82
49 82
48 82
47 82
46 82
46 83
47 83
48 83
48 84
49 84
50 84
51 84
51 85
50 85
49 85
48 85
48 86
48 87
47 87
46 87
46 86
45 86
44 86
43 86
42 86
41 86
41 85
42 85
43 85
43 84
43 83
43 82
42 82
41 82
40 82
39 82
38 82
37 82
36 82
35 82
35 83
36 83
37 83
37 84
37 85
36 85
35 85
35 86
34 86
33 86
32 86
31 86
31 85
30 85
29 85
29 84
30 84
31 84
31 83
30 83
29 83
28 83
28 82
29 82
30 82
31 82
32 82
33 82
34 82
34 81
35 81
36 81
37 81
38 81
39 81
39 80
38 80
37 80
36 80
35 80
34 80
33 80
33 79
33 78
33 77
34 77
35 77
36 77
37 77
37 78
38 78
39 78
39 79
40 79
41 79
42 79
43 79
44 79
44 78
43 78
42 78
42 77
43 77
44 77
45 77
46 77
47 77
48 77
49 77
50 77
51 77
51 78
52 78
53 78
54 78
55 78
56 78
56 79
57 79
58 79
59 79
59 78
58 78
58 77
57 77
56 77
56 76
57 76
58 76
58 75
59 75
60 75
61 75
62 75
63 75
64 75
65 75
65 76
66 76
67 76
68 76
68 77
67 77
66 77
65 77
64 77
63 77
62 77
62 78
63 78
64 78
65 78
66 78
67 78
67 79
68 79
69 79
69 78
70 78
71 78
72 78
73 78
74 78
75 78
75 77
76 77
76 76
77 76
78 76
78 75
77 75
77 74
76 74
75 74
74 74
73 74
72 74
71 74
71 73
70 73
69 73
69 72
69 71
70 71
71 71
72 71
72 72
73 72
74 72
75 72
76 72
77 72
78 72
79 72
80 72
81 72
82 72
83 72
84 72
85 72
86 72
87 72
88 72
88 71
88 70
88 69
88 68
88 67
88 66
87 66
86 66
85 66
84 66
83 66
82 66
82 67
82 68
81 68
80 68
79 68
78 68
78 69
77 69
76 69
75 69
75 68
76 68
76 67
75 67
74 67
73 67
72 67
72 68
73 68
73 69
73 70
72 70
71 70
70 70
69 70
68 70
68 69
69 69
70 69
70 68
69 68
68 68
67 68
66 68
65 68
64 68
63 68
63 69
64 69
65 69
66 69
66 70
65 70
64 70
63 70
62 70
61 70
60 70
60 71
59 71
58 71
57 71
56 71
55 71
55 72
55 73
54 73
54 74
55 74
55 75
54 75
53 75
52 75
51 75
50 75
49 75
48 75
48 74
48 73
49 73
50 73
51 73
52 73
53 73
53 72
52 72
51 72
50 72
49 72
49 71
48 71
47 71
47 72
46 72
45 72
44 72
43 72
42 72
41 72
40 72
40 71
41 71
42 71
43 71
43 70
44 70
45 70
46 70
47 70
47 69
48 69
49 69
50 69
50 70
51 70
51 71
52 71
53 71
54 71
54 70
54 69
55 69
56 69
56 70
57 70
58 70
58 69
59 69
59 68
60 68
60 67
60 66
61 66
62 66
62 67
63 67
64 67
65 67
66 67
67 67
68 67
69 67
70 67
70 66
71 66
72 66
73 66
74 66
75 66
76 66
76 65
75 65
74 65
73 65
72 65
71 65
70 65
70 64
71 64
72 64
73 64
74 64
75 64
76 64
77 64
78 64
78 63
77 63
76 63
75 63
75 62
75 61
75 60
76 60
77 60
78 60
79 60
80 60
80 59
80 58
79 58
78 58
78 59
77 59
76 59
75 59
74 59
73 59
72 59
71 59
70 59
69 59
69 60
69 61
70 61
71 61
71 62
72 62
73 62
73 63
72 63
71 63
70 63
69 63
68 63
67 63
66 63
65 63
64 63
63 63
62 63
61 63
60 63
59 63
58 63
57 63
57 62
58 62
59 62
60 62
61 62
61 61
62 61
62 60
61 60
60 60
59 60
59 61
58 61
57 61
56 61
55 61
55 62
54 62
53 62
52 62
52 63
51 63
50 63
49 63
48 63
47 63
47 64
47 65
47 66
47 67
46 67
46 68
45 68
44 68
43 68
42 68
41 68
40 68
39 68
38 68
38 67
39 67
40 67
41 67
42 67
43 67
44 67
45 67
45 66
44 66
43 66
42 66
41 66
40 66
39 66
38 66
37 66
36 66
35 66
34 66
34 65
35 65
36 65
37 65
37 64
36 64
36 63
37 63
37 62
38 62
38 61
37 61
37 60
38 60
39 60
40 60
41 60
41 61
42 61
43 61
44 61
45 61
46 61
46 60
47 60
48 60
49 60
50 60
51 60
52 60
53 60
54 60
55 60
56 60
56 59
57 59
58 59
58 58
58 57
58 56
59 56
60 56
60 57
61 57
61 58
61 59
62 59
63 59
63 58
64 58
64 57
65 57
66 57
66 56
67 56
68 56
68 55
68 54
67 54
66 54
65 54
64 54
63 54
62 54
61 54
60 54
59 54
58 54
57 54
56 54
56 55
56 56
56 57
55 57
54 57
54 58
53 58
52 58
51 58
50 58
50 59
49 59
48 59
48 58
48 57
49 57
50 57
51 57
51 56
50 56
49 56
48 56
47 56
46 56
46 57
45 57
44 57
43 57
43 58
44 58
45 58
46 58
46 59
45 59
44 59
43 59
42 59
41 59
40 59
39 59
39 58
40 58
41 58
41 57
41 56
42 56
42 55
42 54
43 54
44 54
45 54
46 54
46 53
46 52
46 51
46 50
47 50
48 50
49 50
50 50
50 49
50 48
51 48
52 48
52 47
52 46
53 46
54 46
54 45
54 44
53 44
52 44
51 44
50 44
49 44
48 44
48 43
48 42
49 42
50 42
50 41
50 40
51 40
52 40
53 40
54 40
54 39
54 38
53 38
52 38
51 38
50 38
49 38
48 38
48 37
48 36
48 35
48 34
49 34
50 34
50 33
50 32
51 32
52 32
53 32
54 32
54 31
55 31
56 31
57 31
57 30
58 30
59 30
59 29
60 29
61 29
62 29
63 29
64 29
65 29
65 28
64 28
63 28
62 28
62 27
63 27
64 27
65 27
66 27
67 27
67 28
68 28
69 28
69 27
70 27
71 27
71 28
72 28
73 28
74 28
75 28
76 28
76 27
76 26
77 26
78 26
78 27
78 28
78 29
78 30
77 30
76 30
76 31
76 32
76 33
76 34
77 34
78 34
79 34
80 34
80 35
80 36
81 36
82 36
83 36
84 36
85 36
86 36
87 36
88 36
89 36
90 36
91 36
92 36
92 35
92 34
91 34
90 34
89 34
88 34
87 34
86 34
86 33
86 32
86 31
86 30
87 30
88 30
89 30
90 30
91 30
92 30
92 29
92 28
91 28
90 28
89 28
88 28
88 27
88 26
88 25
88 24
89 24
90 24
90 23
90 22
89 22
88 22
88 21
88 20
89 20
90 20
90 19
90 18
91 18
92 18
93 18
94 18
95 18
96 18
97 18
98 18
98 17
98 16
97 16
96 16
95 16
94 16
93 16
92 16
91 16
90 16
89 16
88 16
88 17
88 18
87 18
86 18
85 18
84 18
83 18
82 18
81 18
80 18
80 17
80 16
81 16
82 16
83 16
84 16
84 15
84 14
85 14
86 14
86 13
86 12
86 11
86 10
85 10
84 10
83 10
82 10
81 10
80 10
79 10
78 10
77 10
76 10
75 10
74 10
74 9
74 8
73 8
72 8
72 9
71 9
70 9
69 9
68 9
67 9
66 9
65 9
65 8
66 8
67 8
67 7
66 7
65 7
64 7
63 7
62 7
62 8
63 8
63 9
64 9
64 10
63 10
62 10
61 10
60 10
60 11
61 11
62 11
63 11
64 11
64 12
65 12
66 12
67 12
68 12
69 12
70 12
71 12
71 13
70 13
69 13
68 13
68 14
69 14
70 14
71 14
71 15
70 15
69 15
68 15
67 15
66 15
65 15
64 15
63 15
63 14
62 14
61 14
60 14
59 14
58 14
57 14
56 14
55 14
55 13
55 12
54 12
53 12
52 12
51 12
50 12
49 12
48 12
47 12
46 12
45 12
44 12
43 12
42 12
42 11
43 11
44 11
45 11
46 11
47 11
47 10
46 10
45 10
44 10
43 10
42 10
41 10
40 10
40 11
39 11
38 11
37 11
36 11
35 11
34 11
33 11
33 12
32 12
32 13
31 13
30 13
29 13
29 12
30 12
30 11
31 11
31 10
30 10
29 10
28 10
28 9
29 9
30 9
31 9
32 9
33 9
33 10
34 10
35 10
36 10
37 10
38 10
38 9
39 9
40 9
41 9
42 9
43 9
44 9
45 9
46 9
47 9
48 9
49 9
49 10
50 10
51 10
51 9
51 8
51 7
52 7
53 7
54 7
54 6
53 6
52 6
51 6
50 6
49 6
49 7
48 7
47 7
47 6
46 6
45 6
44 6
43 6
42 6
41 6
41 5
40 5
39 5
38 5
37 5
36 5
35 5
34 5
33 5
33 4
32 4
31 4
30 4
30 3
29 3
28 3
27 3
27 4
28 4
28 5
29 5
29 6
30 6
30 7
31 7
32 7
32 8
31 8
30 8
29 8
28 8
27 8
26 8
25 8
24 8
23 8
22 8
22 9
23 9
24 9
25 9
26 9
26 10
25 10
24 10
23 10
22 10
21 10
20 10
19 10
18 10
18 11
18 12
19 12
20 12
21 12
22 12
23 12
24 12
24 13
25 13
26 13
26 14
26 15
26 16
25 16
24 16
24 17
23 17
22 17
22 18
21 18
20 18
20 19
20 20
19 20
18 20
18 21
18 22
19 22
20 22
21 22
22 22
22 23
23 23
24 23
25 23
26 23
27 23
28 23
29 23
30 23
31 23
31 24
30 24
29 24
28 24
27 24
26 24
25 24
24 24
23 24
22 24
21 24
20 24
20 25
20 26
19 26
18 26
18 27
18 28
19 28
20 28
21 28
22 28
22 29
23 29
24 29
25 29
25 28
26 28
27 28
28 28
29 28
29 29
30 29
31 29
32 29
33 29
34 29
34 30
35 30
36 30
37 30
38 30
39 30
39 31
40 31
40 32
41 32
42 32
42 33
42 34
41 34
40 34
40 35
40 36
41 36
42 36
43 36
44 36
44 37
44 38
43 38
42 38
41 38
40 38
40 39
40 40
40 41
40 42
40 43
40 44
41 44
42 44
42 45
42 46
41 46
40 46
40 47
40 48
39 48
38 48
37 48
36 48
35 48
34 48
34 49
34 50
35 50
36 50
36 51
36 52
35 52
34 52
33 52
32 52
31 52
30 52
30 53
30 54
31 54
32 54
32 55
32 56
33 56
34 56
35 56
36 56
37 56
38 56
39 56
39 57
38 57
37 57
36 57
35 57
34 57
34 58
35 58
36 58
37 58
37 59
36 59
35 59
34 59
33 59
33 60
34 60
34 61
35 61
35 62
34 62
34 63
33 63
32 63
31 63
30 63
29 63
28 63
28 64
29 64
29 65
30 65
31 65
32 65
32 66
31 66
30 66
29 66
28 66
28 67
29 67
30 67
30 68
31 68
32 68
32 69
31 69
31 70
32 70
33 70
33 71
34 71
34 72
34 73
33 73
32 73
31 73
30 73
29 73
29 74
28 74
28 75
29 75
30 75
31 75
31 76
30 76
29 76
28 76
27 76
26 76
25 76
24 76
23 76
22 76
21 76
20 76
19 76
18 76
18 75
18 74
19 74
20 74
21 74
22 74
22 73
22 72
22 71
22 70
23 70
24 70
24 69
24 68
23 68
22 68
21 68
20 68
19 68
18 68
17 68
16 68
15 68
14 68
13 68
12 68
11 68
10 68
9 68
8 68
8 69
8 70
8 71
8 72
8 73
8 74
9 74
10 74
10 75
10 76
11 76
12 76
12 77
12 78
13 78
14 78
14 79
14 80
13 80
12 80
11 80
10 80
9 80
8 80
8 79
8 78
7 78
6 78
5 78
4 78
4 79
4 80
5 80
6 80
6 81
6 82
5 82
4 82
4 83
4 84
4 85
4 86
5 86
6 86
7 86
8 86
9 86
10 86
10 87
10 88
9 88
8 88
7 88
6 88
5 88
4 88
3 88
2 88
2 89
2 90
3 90
4 90
5 90
6 90
7 90
8 90
8 91
8 92
9 92
10 92
11 92
12 92
12 91
12 90
13 90
14 90
15 90
16 90
17 90
18 90
18 91
18 92
19 92
20 92
21 92
22 92
23 92
24 92
25 92
26 92
27 92
28 92
28 93
29 93
30 93
30 94
31 94
32 94
33 94
34 94
35 94
36 94
37 94
38 94
38 95
39 95
40 95
40 96
41 96
42 96
43 96
43 97
44 97
45 97
46 97
47 97
48 97
48 98
49 98
50 98
51 98
51 97
51 96
52 96
53 96
54 96
54 95
53 95
52 95
51 95
50 95
49 95
48 95
47 95
46 95
45 95
44 95
43 95
43 94
44 94
45 94
46 94
47 94
48 94
49 94
50 94
51 94
51 93
52 93
53 93
54 93
55 93
56 93
57 93
58 93
59 93
60 93
61 93
62 93
62 92
63 92
64 92
64 91
63 91
62 91
61 91
60 91
60 90
59 90
58 90
57 90
56 90
55 90
54 90
53 90
52 90
51 90
50 90
49 90
48 90
47 90
46 90
45 90
44 90
43 90
42 90
41 90
40 90
39 90
38 90
37 90