156
16 13
16 14
17 14
17 15
16 15
16 16
17 16
17 17
16 17
15 17
14 17
13 17
12 17
12 16
12 15
12 14
12 13
11 13
10 13
9 13
8 13
7 13
6 13
5 13
4 13
3 13
2 13
2 14
2 15
2 16
2 17
2 18
2 19
3 19
4 19
5 19
6 19
7 19
8 19
9 19
10 19
11 19
12 19
13 19
14 19
15 19
16 19
17 19
18 19
19 19
19 18
19 17
19 16
19 15
19 14
19 13
19 12
19 11
18 11
17 11
16 11
15 11
14 11
13 11
12 11
12 12
11 12
10 12
9 12
8 12
7 12
6 12
5 12
4 12
3 12
2 12
2 11
3 11
4 11
5 11
6 11
7 11
8 11
9 11
10 11
11 11
11 10
12 10
13 10
14 10
15 10
16 10
17 10
18 10
19 10
19 9
19 8
19 7
19 6
19 5
19 4
19 3
19 2
18 2
17 2
16 2
15 2
14 2
13 2
12 2
11 2
10 2
9 2
8 2
7 2
6 2
5 2
4 2
3 2
2 2
2 3
2 4
2 5
2 6
2 7
2 8
3 8
4 8
5 8
6 8
7 8
8 8
9 8
10 8
11 8
12 8
12 9
11 9
10 9
9 9
8 9
7 9
6 9
5 9
4 9
3 9
2 9
2 10
3 10
4 10
5 10
6 10
7 10
8 10
9 10
10 10