499587
1 249332
2 3
2 249331
2 249332
3 4
3 249330
3 249331
4 5
4 249330
5 6
5 249328
5 249329
5 249330
6 7
6 10
6 11
6 249327
6 249328
7 8
7 11
8 9
8 10
9 10
10 11
11 12
11 249321
11 249323
11 249326
11 249327
12 13
12 24
12 249319
12 249323
13 14
13 22
13 23
13 24
14 15
14 16
14 17
14 21
14 23
15 16
16 22
17 18
17 20
17 22
18 19
18 21
19 20
20 21
21 22
22 23
23 24
24 25
24 249321
25 26
25 249316
25 249318
25 249319
26 27
26 249316
27 28
27 249315
27 249316
28 29
28 249308
28 249315
29 30
29 249307
29 249308
30 31
30 32
30 249305
30 249307
31 32
32 33
32 249303
32 249304
32 249307
33 34
33 249301
33 249302
33 249303
34 35
34 249299
34 249301
35 36
35 249298
35 249299
36 37
36 249297
36 249299
37 38
37 249294
37 249295
37 249297
38 39
38 40
38 249291