5000
915323434 915323514
422254596 422254672
234746438 462404744
28171178 100848664
246132070 806827921
245185254 629509860
915323389 915323434
8083529 762770424
900429544 900429615
717688546 717688639
422254373 422254443
424478082 580623775
159002035 640943650
730574459 730574547
40388671 144252568
11121286 885944960
331514459 818988889
910593061 910593096
957037370 957037424
484633334 484633386
488480545 983761902
241037823 564019082
58274810 946347075
428121433 428121457
763236032 763236081
422254635 422254655
528526726 729795177
422254450 422254490
62435642 912286357
441252038 775133238
661276925 661276995
422254373 422254412
660891017 660891072
891854761 969536168
484633279 484633282
454848513 454848549
18584262 83689288
900429612 900429674
576178282 576178290
789017276 789017312
223530215 513534319
483985507 560041095
461828453 831375824
511794708 863440226
344253092 459605048
94624263 944113014
41541421 525221791
283953241 477322873
375540201 847337932
551228837 656804409
464705333 658816017
670041482 670041545
491197814 491197825
428121433 428121484
52257716 80998742
104393198 234717016
793294393 793294479
94835017 151859261
118407509 461225881
169234880 987387390
980920958 980920982
177057835 285438366
594998785 594998800
60178756 99538365
422254516 422254531
297498701 467415813
451938407 451938495
543338395 543338447
566181935 647311596
752067513 752067581
664305059 664305063
653746661 653746749
422254405 422254445
242014786 625588555
51966911 881060623
909578320 909578367
958645278 958645349
215133115 215133165
350591743 443010445
512790410 837043887
422254530 422254599
557862777 822152737
640718574 788865327
50249458 714303295
659082706 659082787
422254385 422254425
345424322 856134965
422254418 422254428
35957269 389889183
196631645 326291311
432605292 746849417
67859634 653467442
50490077 100523876
656804474 656804546
422254588 422254652
422254411 422254430
422254438 422254470
578174242 725422842
652112497 825736957
422254466 422254531
366082301 513992924
149130612 304528567
759216242 759216308
575350669 575350713
422254456 422254509
211554762 731464851
834097029 834097042
437682715 767450455
55791284 156804882
237467245 891121174
505778041 964735724
543338707 543338770
360906184 874118245
73025603 248580530
590903945 779617667
468862090 795176232
653746684 653746756
560510816 667237395
502390258 741995842
313151335 934345524
767120429 767120449
944998879 944998925
782120521 782120574
656804605 656804698
754359418 903574736
506318439 799889828
148382871 396759725
661276925 661276975
328794662 761940409
967580854 967580936
7236864 445941424
515704067 515704120
729833297 751737051
584857574 584857578
459926101 506367069
576178365 576178409
422254363 422254420
422254474 422254532
549422402 549422410
422254480 422254491
158434676 158434683
251859460 347175382
634533293 828691081
466542636 904571714
759252450 759252473
131025533 459247308
35014285 406168269
672642533 819268030
225042667 225042698
12823202 449030979
543338448 543338468
543338543 543338609
6966055 912259189
422254521 422254618
915323605 915323613
909404552 974888112
467776064 467776164
213774503 413748120
84342314 712730209
587619853 587619863
145776741 877667148
579954057 744818182
537657468 616512046
422254609 422254634
408729453 921496477
566904470 657525040
701252053 717207006
371873635 371873652
812373540 812373621
145871404 601179100
378195825 686932915
590855933 910177521
720858035 861763635
146990419 635605606
84918203 313081377
422254449 422254516
61227465 421462563
161813100 481132526
114793302 839868287
60571817 550139235
249442090 809239104
487041022 487041112
814283058 926861819
772402976 772403069
879110427 890419182
450648278 782390248
13270978 158807621
931493427 992229458
661276920 661277016
422254364 422254400
202161751 740025229
243045843 573114640
701528024 701528110
302184175 651790229
349397605 741357757
501002746 573033565
319915176 319915251
422254589 422254598
690036730 690036816
772403117 772403165
354774062 671405600
661276921 661276971
46937840 923003039
586160784 586160852
774168457 783580193
422254430 422254505
858969643 969509785
238766395 870526475
157333882 718060250
306995699 868375170
915323586 915323635
310834985 455831786
743999294 967363781
541274259 991926276
54995820 579602036
864190608 864190627
123577052 123577081
278606634 278606697
797516595 800177654
594998767 594998834
845232116 845232179
56053296 88332308
83206354 444804238
284733428 284733497
554500543 641635177
594998965 594998968
70971362 847705489
793294676 793294685
280549180 422549321
38679239 846354844
706692038 706692054
600233124 600233203
69322359 136278028
900429407 900429439
422254713 422254792
788950822 788950844
411185601 971174595
967580799 967580872
42185764 183203747
957037393 957037419
188566204 634639831
374090462 374090542
12654728 597665653
54968776 224357350
876664156 876664209
328406019 746530883
188717756 188717854
755453926 755453934
188605876 188605961
957037424 957037514
95760886 95760938
842978020 842978045
174868259 991731818
445251255 877808947
46999769 341956177
138906514 896353277
661276944 661276983
457558938 932202066
422254522 422254534
564465536 564465630
236465936 615976080
878516520 945509021
412419514 412419538
900429421 900429439
422254385 422254465
900429441 900429493
519731020 684279728
913610337 913610422
228296660 856370327
762513578 762513673
550105631 663100210
883692945 883693030
197990492 624290792
778992216 778992265
670394210 983284014
52807374 108541135
422254384 422254405
287037319 423795523
278968215 401322853
527424952 763859569
365524329 497381658
512461494 769829277
6135787 389958950
447253710 670041481
158434619 158434676
683457109 934813577
279150072 279150078
222976420 957202927
772403133 772403202
580624888 580624970
365586757 872220665
413620851 754836686
160846374 616046883
175992233 468563594
417277246 546905424
967363782 967363820
222028541 589702810
422254437 422254515
701923005 841764158
23522333 25759216
422254363 422254379
60255703 119051887
313081377 313081443
229810192 380792084
543338520 543338590
258600671 791217222
324584843 358726907
573527056 573527125
656804443 656804459
750374832 750374927
848667120 848667169
383169984 978024445
662297601 842421233
9716359 14605705
825987486 825987537
253505358 536773353
588367954 589963591
848666984 848667027
210775063 407189657
635859730 659576491
729823728 729823753
350508376 970492338
919548170 919548204
306670538 884556783
418188531 688761173
967957977 967957999
572241017 572241020
134668360 455197391
138600722 182253139
67000814 328701759
642258934 875984445
804488361 993297353
394993593 868804250
616171693 616171729
609160709 609160759
586953191 835153677
150025981 746374847
189681139 239956372
235670484 829470349
496468645 696508568
422254588 422254649
491823521 491823570
967363782 967363863
543338395 543338428
572241030 572241042
364553171 566883622
19217434 929577522
68980672 529938268
574231603 978707014
31542644 111717611
189775469 292870715
374193310 374193314
596216338 930138850
1063852 63860568
467776122 467776192
8376888 98461613
57033460 344485257
728871247 829005335
829810884 829810945
144721852 535966999
345327717 778104722
486605468 753313978
106144072 106144077
634469742 983088215
366435030 961407800
58709426 156790169
227672156 918073132
369982000 569562765
189871944 260520154
246564371 400980313
422254384 422254412
543338413 543338437
491198022 491198052
386808452 805803680
269290956 811012676
275543785 374193341
513370041 568198454
376546464 815202220
900429440 900429504
443191481 568599646
31600780 513705518
188717773 188717792
625203891 763235863
186343047 276226300
52422657 149197606
165099344 165099411
584270278 822037822
86665947 371873586
279606161 955173670
371873586 371873664
906220932 906221004
428121392 428121433
135502763 374193309
44252745 232802397
572241020 572241053
279150086 279150123
422254482 422254530
916373217 916373229
832147102 930995082
155125359 191247280
68905155 823397659
68392600 322947619
104631457 192508470
44858306 613252531
422254646 422254711
447457855 763733784
286537429 508038044
302058978 839307571
752067676 752067760
616171737 616171828
792231958 792231966
236077409 734088400
921585446 921585493
52748633 923609624
123576904 123576928
84627566 755453925
558764501 708404052
587619884 587619899
197309464 652380818
807659273 807659368
806414218 806414248
851666257 917129761
315545059 315545069
424454164 932198833
490806807 659012896
293325133 888480588
53481937 389062802
422254450 422254545
913610180 913610205
643699026 643699065
191353619 194227226
422254502 422254539
443483732 810563638
61179513 894505878
512901489 512901581
653030434 653030463
451378679 785058346
69870571 141393262
60640086 60640179
656387877 951786888
204316194 204316269
102182026 276234202
60640179 60640274
282981624 527319909
594998767 594998784
237342924 783585368
256524579 598330519
111810322 825515772
371297542 725603310
543338505 543338520
422254368 422254377
778133035 813708497
117117838 548448912
772390636 860978438
847771393 847771447
828824147 942215557
398216823 862198335
97268620 938573587
422254673 422254690
112930801 315545058
422254642 422254707
717688546 717688607
782928145 859658784
55824207 932411982
422254614 422254649
679717538 679717630
606265117 734939309
232825152 530366376
675303390 776436870
572241031 572241057
124806252 732592870
564465537 564465633
38203156 653579283
80763982 722354727
526543408 526543410
491197833 491197886
177338121 614377410
469737940 734748459
491197846 491197924
900429449 900429462
279150170 279150199
422254518 422254546
150484156 488066838
900429504 900429556
422254604 422254647
49535349 301795105
158780195 196085649
214682083 290286076
915323389 915323445
129288192 615218317
347422059 347422100
147878636 207436767
422254526 422254563
643445691 658174327
834097042 834097079
543338396 543338473
89386482 349451584
144808238 941104211
463379885 490518668
160078990 443933552
506259112 506259206
320872847 486411384
412005423 485257251
935344324 935344402
580624796 580624854
337805549 412419514
449945266 449945280
459707006 536412261
503370311 580739521
251701706 780539499
145251735 313161202
467776064 467776090
930138895 930138991
841757979 841758075
422522170 791051044
543338608 543338655
638673253 893781228
223619679 361367040
95904727 321967989
600233297 600233302
59851248 717047115
543338396 543338421
273556735 340723814
124873563 975070420
752067675 752067693
234890015 734480893
107854963 196073191
806659811 954044208
61477395 95851295
371873762 371873779
422254379 422254435
111498644 842457279
444816337 671660449
473492300 726938693
717688540 717688594
268347802 478040905
491227628 721948598
974280245 974280293
299966459 993126985
374191414 770531512
446564563 851956091
543338587 543338635
62878475 644620283
52313234 392561844
414894449 623475310
134755738 587934075
564465536 564465598
21674652 596665088
801982079 982701648
978448496 978448568
422254466 422254520
732738930 755591176
19801559 764877024
59643273 638453323
543338505 543338551
91694638 539187811
633902707 633902721
123577131 123577157
250117020 343259637
287116043 860367730
944341635 944341713
42189117 981093005
947441784 966184503
82039347 128991350
321388572 856257699
974686423 974686496
831817186 842374762
329242576 761113878
106216761 109887150
500931 904130580
709143358 890127519
422254529 422254575
43679220 56039390
264202232 388893844
278606546 278606567
633902876 633902975
922324676 922324709
51740973 490326032
909578289 909578328
422254384 422254463
150847776 529333737
793105864 923438589
89204969 393060824
567864630 591269621
564826987 946160276
349205311 918640456
543338659 543338754
742559767 881858528
543338560 543338659
120563592 877828323
793294525 793294573
32997285 213490847
594476982 683395074
449668773 670545170
19376201 728261446
266293945 721623455
543338545 543338629
587619899 587619902
428133177 834266914
576178270 576178316
80156181 476927331
484633334 484633421
526650346 899149157
146160975 716885325
543338560 543338597
275016238 275016306
176896356 789368515
900429505 900429591
957037349 957037435
251812599 696309697
464551564 720394104
865768783 865768845
317136048 501681119
279912172 367618850
357459525 357459552
331880252 528111585
688585684 707722234
7367716 349644491
422254380 422254415
279150234 279150305
980921000 980921019
422254440 422254475
32444924 114036734
104993557 497620851
779617668 779617687
55156093 159565554
422254386 422254448
422254620 422254696
422254391 422254439
235305376 341134927
312408590 401941239
422254537 422254583
514779130 912473937
196339061 899218532
70396733 650429722
361367209 361367299
215628723 778516092
238297358 876587632
343533211 757996132
100510455 807659183
319198988 826276580
653462290 653462375
189669776 305774307
76346754 825224732
993459366 993459398
102218793 946167398
716244422 928943263
68288739 582965391
220746414 522651560
451938407 451938437
507669653 852645674
358132129 490871110
953543886 953543897
413033604 487085637
4425637 404484071
422254532 422254587
706692054 706692145
188717703 188717774
951786888 951786940
131164434 702614468
915323390 915323422
967363820 967363900
13052461 164540936
597487357 797231170
982426904 982426992
725051394 792570725
567084706 675943162
390547469 484633236
491198119 491198186
162971374 752875666
896981769 896981860
422254363 422254385
1288532 650204483
167763344 689483964
40033534 747986044
310691130 931221555
339950754 535009086
778992146 778992169
65252296 717688539
124612449 141225131
235181562 693010844
729236137 954593184
377522209 554120984
192381656 445266280
152772978 491823520
76989258 856812805
491197820 491197858
467776058 467776064
126365694 681359273
421089480 587751201
146520922 169860380
701527941 701527994
309956756 374416397
409092687 547452748
280120439 354754779
164805396 883420670
825987538 825987596
278606545 278606645
277820671 394460494
31664833 242670864
77472447 307737795
714267614 787566601
422254394 422254466
572241112 572241130
560484646 560484713
891816457 891816512
187091299 982200561
549422410 549422448
665379270 688002881
270462516 908208463
946433769 946433777
412287760 781440363
519515332 646622745
165922652 968948353
398403578 590123779
11054983 252808660
21037237 253921575
347422058 347422085
150619015 556055367
909578328 909578337
215132867 215132898
805224083 805224152
865768659 865768758
843707518 843707536
177159493 651291128
543338505 543338559
42269990 638404340
543338531 543338611
671716205 899505465
525418084 729353324
921585445 921585501
685836679 931151288
422254444 422254491
872030779 908157844
104414164 733794132
842977954 842978019
841757939 841757968
71179503 570137948
11667996 345498591
321057826 694199704
852433065 852433114
643855760 780893001
59547686 184789833
600233077 600233090
470072131 844291296
595382853 632085685
148389742 827196770
661277096 661277114
666600366 841757938
145189570 665709299
445058783 850383846
615408665 944341574
542355328 542355367
633902660 633902707
728696294 765308941
73664496 757746522
422254329 422254372
422254449 422254468
336353222 336353259
389267555 840365467
351314815 956206014
138044945 745732408
852433200 852433270
99047068 852433065
426704050 426704098
543338755 543338808
41756548 167786123
422254364 422254447
203622979 442252226
572241005 572241073
481132527 481132586
262730853 262730861
422254329 422254362
610546335 835952796
742430809 742430828
422254450 422254503
93101674 323861417
752067512 752067515
352592682 974158317
584857574 584857603
553688737 972948301
359778111 369578680
422254615 422254645
321266248 884751452
601351124 973504588
38079279 98146237
927115112 927115127
107624023 188265475
231159493 497159854
569352180 829949059
422254591 422254611
600013242 922150421
49815034 732197860
233559559 992756231
362507334 618802129
598741978 790536517
594998934 594998964
422254413 422254440
713955023 859204888
522145613 808280977
443631479 466615617
286097899 845721561
900429421 900429504
967958045 967958100
668585321 824291267
718060251 718060294
601213504 963326816
600233256 600233297
422254444 422254526
449945266 449945346
208366049 208366086
113975666 817216218
92397326 472958166
391403643 556699367
222602155 898560850
626387250 759654832
422254465 422254552
516033428 793294393
601891627 935975275
356867165 549422401
371873670 371873726
824685430 824685474
660890939 660890991
661277115 661277123
548603856 925771938
106684803 241570703
76462566 119309678
850696612 850696670
73187706 834866339
946432966 946433050
915323469 915323487
661277086 661277151
266991030 266991115
344215545 676819034
480525704 787492877
48844924 949068365
446284619 498236449
28437474 529377813
356246649 928320786
772403117 772403217
89262377 130898362
64091470 612217040
662593079 662593131
41535634 457383044
266991029 266991119
574671390 813446723
32865289 627312164
967411901 985145702
96817321 109472090
149274593 891199029
656804418 656804429
999400646 999400714
491197853 491197883
249226197 711679346
512696808 512696844
17777884 55325428
590266730 651391976
491197865 491197876
605080316 605080381
4342275 653746661
160544678 452790089
491197770 491197782
731790557 731790633
566883622 566883695
77252979 531245132
111995907 660609761
223603946 544698019
615324456 958695970
307808632 888087407
803774530 950679888
465519988 465520028
560041095 560041148
375143548 997279968
132164666 891816457
763236032 763236057
326673772 340240970
127033882 525138448
192422917 541047287
25466524 991807870
656804419 656804436
254176952 531645262
716527465 878263197
150010537 306386642
447236929 447236948
422254650 422254691
99324960 587471127
101087116 572135578
910593026 910593110
484633236 484633243
732209512 925875192
47893805 843707517
175101508 175101526
935732305 935732402
400980386 400980444
776022671 933340289
707144063 918162224
61408613 321720861
327576181 478910219
136676583 144349370
453635130 550763106
764790614 875815029
266791980 344487503
168290875 502286796
864190608 864190618
772403161 772403217
301529591 557193040
343144260 480634578
429262074 436808043
200950116 549847890
766139429 835569049
241550893 866655594
422254392 422254430
433788220 752534875
96328762 978300326
422254462 422254546
932199113 932199201
422254526 422254599
882539840 963795632
205361500 905053903
649949582 914513267
101012885 753165665
232595955 872837622
308779353 943022087
382789879 382789963
119505428 534586806
978024446 978024490
102528211 968156948
248769497 497778712
715781866 798432664
685007566 685007642
782120522 782120567
422254588 422254671
530366376 530366428
422254569 422254665
88332373 88332416
184920412 465472417
572241002 572241024
717688539 717688545
485436636 951182220
168352661 303232168
81366825 534886545
73871574 392941867
413745061 855554487
279149985 279150019
900429615 900429657
192122238 356085999
844334535 844334635
980920912 980920984
422254504 422254510
28761731 474320715
329340195 523633360
643588240 842687287
142588896 334362332
491197866 491197886
400591311 748051196
301040296 855254574
48021106 86181853
917470904 917470987
86313775 348824393
98744058 317283853
426381106 778007530
42933953 877692542
118449544 987993857
16567547 922324510
188717782 188717864
304353029 414194692
341134927 341134934
141651154 897799778
645318615 844982855
218709195 340372414
13206949 457056607
396562049 714406552
585962253 845315507
443999037 992968077
84488489 252188315
307079158 575191341
41008981 63400665
679717450 679717537
59165311 648494299
160959885 304105306
275016336 275016366
605080188 605080247
282259562 823168342
720561157 720561176
32209998 276906609
232312028 232312055
455831855 455831874
879523148 914791450
215132986 215133063
324720771 324720784
701305571 835482401
402342865 528614749
348747377 871088204
591106533 591106594
958354596 991463827
767389801 792584914
597855797 643769743
422254399 422254417
397406929 821182481
841160174 841319429
576178270 576178347
928904996 928905031
279150233 279150318
237866450 967786754
762513638 762513655
383179982 652177920
41604972 76333375
124397115 124397192
915323488 915323527
24181338 884096784
433999879 469314841
543338474 543338492
422254517 422254591
52729782 654660005
279150050 279150092
29508171 228701623
96760518 355584726
979178407 979178454
788950822 788950850
44181533 47683371
306386642 306386708
39178985 48872403
193585873 833813747
759392872 988221437
373785552 520479776
444595098 918944884
957037370 957037445
454343944 515704066
503368910 621118829
661276921 661276973
610369584 610369645
94158794 554124223
967580706 967580782
415706251 620031339
951786888 951786961
66612816 854352451
59393063 980446062
139704586 821210828
94915800 491685384
4254798 161638755
953543973 953544045
725415000 725415091
615989308 667122558
503463742 744322920
484633278 484633340
356401438 765903003
332106442 787599906
694199704 694199797
605080248 605080262
753692987 753692995
223434306 458380398
20605215 318025299
416652234 534125830
59599930 625499270
380802679 645264811
377013334 546962667
980921004 980921047
754800509 970504757
158184397 990595633
848667172 848667238
97589427 188583331
712730210 712730251
759216271 759216366
245702581 883629775
991463828 991463832
380419932 497863745
957037239 957037268
362793117 535820065
769707278 769707362
572220784 649767086
428121393 428121422
130111680 624433992
174853696 495773442
772403117 772403185
448525691 448525725
21461752 991571661
572241009 572241079
543338489 543338543
306364408 686155737
932199023 932199112
484633243 484633310
898178630 938702307
449816120 449816145
455831786 455831854
287014519 586296543
230401727 692398988
127118138 138614605
488613132 488613148
105838134 365212869
432452980 725102760
97179025 585713958
391071410 488460139
398371645 795684537
900429541 900429631
633902782 633902832
135387106 794413841
282773268 745787900
218371938 218371956
967786755 967786808
910592949 910592997
11664112 579029958
138417976 948371618
224691201 720029964
123576974 123577061
903418945 903419014
661373194 952691447
661276926 661276935
628998553 754188145
508314928 508315016
488460180 488460230
584617950 856509436
188717681 188717714
295198935 998724919
528422315 765016154
967363968 967364034
43220287 123576823
744506756 787383828
98157034 956512407
145877289 771846171
189487073 689301960
422254449 422254517
911656251 916970003
211552011 399704777
951786940 951786987
437941431 446185689
484633334 484633369
129196908 512898104
231899758 532750773
763235932 763236031
661276997 661277066
669581695 893764991
465653048 697189723
62822879 197468858
95647201 194132002
995254838 995254891
963765730 963765748
180253022 273992670
422254518 422254526
30854156 362288274
346726822 582949609
447236829 447236929
694199704 694199804
951786961 951787038
297390546 563866117
78457697 484422425
919548086 919548131
70554934 686074167
958645278 958645363
900429504 900429534
980920957 980920993
52262462 116054001
515704120 515704168
361905825 850703570
201604306 424468975
564999683 975766937
90635043 399744536
422254532 422254574
769707304 769707343
572241140 572241215
519940820 520829375
28907750 240591475
576178335 576178362
735613499 735613553
493774223 591451132
545775633 701637675
180343782 917623992
826736031 966115724
436462308 934391546
61586668 661965859
337531472 398246354
656804466 656804474
486995064 761355282
172361549 832266995
244062626 360860250
251276537 592390896
91628436 651163221
278865863 278865868
54040053 488656393
114772501 870980945
33790892 732480826
829497761 829497840
937579864 937579931
277232126 834096970
71333632 154035105
466719789 616578784
8594762 169709685
386440642 511713853
953543951 953543969
428400846 478132913
752067600 752067675
488905642 890082436
422254559 422254561
590759603 688731064
86488158 379110083
422254471 422254565
278865868 278865913
289204189 665577529
592190670 961232510
282549360 282549419
193873091 508726186
523081948 812762557
83385969 880100222
613629566 815558246
158484819 165099343
491197945 491198034
506570928 693527840
245314276 960543437
921585445 921585493
541962864 741582992
498026345 506912563
656804546 656804616
120258066 355100264
388565318 454483618
363132762 423821752
69253426 320007317
600233203 600233224
496214750 580586517
928757327 928757352
70310645 70310697
192700590 788196761
479955703 590554602
70045082 543338395
447236877 447236938
84999141 286886973
586922831 901566364
173780262 861764128
491197870 491197965
131681748 289629401
422254428 422254507
916373206 916373229
491197995 491198036
422254358 422254427
422254385 422254412
46073848 391929107
944341713 944341734
776097434 776097458
22655911 405555220
826730221 962503247
279254885 377784256
422254584 422254652
439714797 702893705
46444032 450177777
654988335 815733726
778061360 925785452
793294525 793294577
41363746 115166965
910593101 910593169
262916405 478546902
67185095 650132284
465414463 825312431
662886121 735145846
957037323 957037377
29477580 546651267
793294480 793294483
259211035 442324687
226350697 635826293
177823186 956667922
45191784 820340283
57868430 421859285
366119452 479894828
16651422 561060664
397676200 685507944
852433114 852433199
815328309 815328360
491198022 491198101
687854179 776368397
106216517 446926555
678490629 767120429
903418903 903418930
807659274 807659343
259322686 259322719
58233754 534726269
737363947 771757545
862198335 862198397
324970627 401618505
25077895 319915137
218928981 828759733
747318363 950742146
891816512 891816589
661277121 661277136
549422411 549422483
246786319 246786390
7724051 360271330
78377321 656610065
371250901 371250925
402311592 864226097
237250936 476213114
422254329 422254363
974686424 974686433
422254598 422254679
328816976 328816994
326185496 885190097
915323514 915323576
92732958 383799938
526930154 526930184
34160131 818531875
422254576 422254587
82644348 167161952
556857397 635259749
422254627 422254636
960315454 992030503
866655594 866655659
104003635 389036305
71460224 872240101
319175699 473090962
102641883 959162020
412419515 412419551
76647955 118336077
875975023 944089179
957037269 957037369
74903471 891615112
62587384 113111467
174780422 532881559
545235887 815153210
422254531 422254550
543338559 543338587
88502544 331727594
741995851 741995858
633902707 633902723
239491870 239491901
72269716 532827812
918248318 918248396
409399980 551526655
637760547 761023057
526543388 526543407
145242250 218371938
884922148 972136675
650885587 814688960
130937626 365657794
896981770 896981830
429370107 975231765
169770824 492459631
316808871 329769437
543338467 543338488
56914179 202016762
354576325 516131503
215132898 215132986
585777191 903435933
534039730 583785415
335834739 335834833
399704778 399704783
110606067 375147350
680174019 964186153
530031718 927980585
764766132 993386738
915323446 915323526
230885766 967580697
273098086 693705644
633902781 633902794
841757946 841757979
422254372 422254470
792965969 896981769
38913160 610270983
268043985 664193739
38383377 900429349
653462291 653462385
178439309 797963019
242890728 801448925
788950839 788950880
449030979 449031063
366109472 935732140
979178375 979178407
422254363 422254372
259322675 259322685
111441354 274030734
422254442 422254490
422254464 422254562
23413549 671361030
323586675 769707277
834096971 834097029
916373296 916373303
910632211 910632220
913056758 913056801
631366145 746676265
706381268 923007807
82645102 738395080
182230630 687828912
77643122 623489931
422254734 422254755
633902735 633902766
188717632 188717681
60614895 720182334
491198101 491198119
491197865 491197917
127844563 931106694
112423815 707282807
491197870 491197901
491197901 491197985
872916635 872916686
38910053 734087737
359361431 467291257
422254523 422254595
386588087 520588262
580624977 580625062
59113010 91373213
662887298 770849123
576178367 576178455
114096939 303913781
371873586 371873634
957037289 957037358
916373063 916373163
60902693 750893171
639482581 965711323
1429343 60640085
361367191 361367212
58042517 705295137
64197027 927893344
213443957 833156955
570840498 973910550
279150172 279150233
47019671 195841752
661048847 785148085
44567869 864190608
338268047 959617963
900429591 900429612
354344333 710713371
364086051 825652357
870871124 871926113
67980843 275933566
324880677 393682555
422254500 422254592
56386205 199985850
909578329 909578425
381937753 778992145
750374832 750374865
478412792 968646745
188795687 799064523
701527991 701528024
806414218 806414283
496881903 562991521
422254467 422254559
742430777 742430808
197817401 867774115
365477614 653030434
325187607 746687277
491197915 491197934
371328785 931762534
422254474 422254510
204749947 273015460
492726081 560484646
96349330 733345602
396621635 943866539
356677646 452377747
72350623 940376255
320105479 807316392
422254468 422254533
754236536 754236573
710080647 710080701
279150056 279150076
656804508 656804558
135574582 834148750
203900878 456015445
152858228 541069366
564457189 910471585
35514551 768846451
946167398 946167474
139669143 895317342
26416224 129023066
361367209 361367231
518232375 960737107
422254359 422254385
646617747 646617817
627807865 979015627
928904949 928905036
594995980 665113274
173357545 902104016
494853058 998840881
394348202 738245150
112886511 553747706
38174340 695965169
647504406 684158659
83279477 354806076
309498041 339845929
123576867 123576901
470788163 551566870
484633244 484633297
922324640 922324676
279150050 279150063
543338531 543338574
110389542 742143896
105688421 784081268
441893250 666857731
451938371 451938396
491197783 491197792
661276996 661277035
967580776 967580860
209901011 447336739
422254635 422254637
9350052 667908163
581194645 583581920
391871804 760200870
422254659 422254678
679717534 679717601
759216241 759216270
210104834 724855971
175315129 204316194
341610871 989067290
491197834 491197914
694199805 694199891
433766069 566824079
616171736 616171762
466595795 828974872
10803760 577139157
36816521 184902732
183193002 684130568
343232289 926625345
108457053 677359607
351725351 724116786
793294393 793294442
48720479 134793806
422254440 422254468
580624920 580625004
121613995 437821572
540737276 540737340
600233077 600233156
134381035 245151593
251432266 278606545
570134154 601773205
759252386 759252450
508315019 508315041
216952173 637589915
250543570 919548086
697669483 832362647
967580741 967580821
755251737 945790477
574356982 885337872
275865642 429290634
229230719 351918496
729795178 729795260
338593986 889852586
266991119 266991185
309520581 396821249
660891012 660891016
522078018 940279138
437242058 850088989
580624795 580624888
138627051 410810543
253854319 731323946
215133197 215133223
957037370 957037469
393060876 393060909
648532518 726875846
979178376 979178388
394460494 394460508
944341636 944341699
640612539 855058128
484633282 484633334
437486467 466985842
422254436 422254463
277562317 506488610
418622577 990409683
3872204 722447299
292582375 487041021
27555943 225519682
371667622 616171693
612627236 861170410
183754582 415844302
723974931 744805528
54181809 316609156
435740029 614524476
491198124 491198219
344414914 672505854
448732865 813148214
59728718 251327874
335834762 335834824
60921656 222030894
633902769 633902835
572241112 572241181
10967008 520352524
975937704 975937775
484633382 484633411
967957982 967958045
529058045 529058119
137685661 369361281
142704024 665878432
569542733 882378674
363781706 809521130
48873299 77802758
690983111 923407551
7828360 663472738
771151643 982501612
543338514 543338565
523151859 845041367
791344766 952900734
48769982 78166175
961233962 961234044
915323450 915323491
161390981 466088637
4609782 84872226
361367040 361367130
900429349 900429362
681871227 922188372
105408294 739157289
633902876 633902957
627346506 765074015
578893873 779674077
100033569 359742752
37968245 37968323
447236877 447236930
788950821 788950838
427556931 620440428
372805087 388857955
217957735 354751254
267074343 411912660
577660423 949201387
930138850 930138894
988766215 988766244
136821532 501024137
221329085 553177917
262207471 837639949
915323491 915323543
10773962 623223297
463518480 727875032
422254625 422254637
658175992 831476534
967580698 967580725
119070115 941940945
343347879 381129258
282232568 282232603
543338520 543338586
310597570 792231957
299881255 909578289
434614014 434614070
707154587 712037727
422254456 422254534
297151238 799241420
426703988 426704066
752290444 970701094
272821532 629905030
543165495 897517601
75991396 247470337
157930357 757265271
278371597 374952979
393258356 550966804
678073822 690453786
847771342 847771393
61872694 514247197
916373270 916373341
226243426 878727333
916373078 916373170
765451472 876327670
546062657 970233739
848666984 848666996
763235863 763235931
281970485 583940241
848667027 848667120
550590264 941115668
841758015 841758036
244987724 659605789
793294604 793294632
207252973 241294112
368638037 642456484
10054693 145908116
447917454 713053481
454697074 960444114
286283782 289244341
666287617 971661043
815690314 865768659
31277800 710080647
371873665 371873670
156118184 751676526
722714375 757177261
573526956 573527037
65872433 619289810
953543897 953543972
308821485 955947032
715302544 715302590
6004666 525210222
311339725 812373539
980920798 980920854
321315917 397470954
308146244 757464591
915323462 915323468
46732361 402664543
661277083 661277172
468933335 742675281
241425485 995254837
412419538 412419590
372292951 565773259
455911892 977081762
143122781 956790488
598047892 651328680
659701427 794869764
234225608 234225671
707979178 842074697
154397134 523779389
900429406 900429425
862953724 862953811
457383045 457383128
935732141 935732238
27939165 359383790
20380086 232312017
827196771 827196797
910916588 910916657
661277006 661277085
365328614 659722072
216409306 996141865
194407413 596901872
180804712 919226325
763609201 968822893
974888113 974888130
793294583 793294603
900429439 900429489
129214929 810555883
121500211 978999060
916373210 916373260
523787823 696074502
265480891 930459287
491198053 491198109
591407861 815415222
159117558 560555793
387397097 680129703
88278164 292677899
935732201 935732278
193307625 383828005
343467992 343468011
95154015 304720695
455767886 870016104
86533315 914141223
302106377 808384017
552904879 667690973
120686308 459413142
222617126 844334471
59898688 627359979
61777488 162992390
220161495 293546392
347909207 917470903
575661010 813907701
326920904 376083317
752067516 752067611
558433446 571884678
109637297 901320886
155713963 272289126
587619838 587619852
48207461 902242850
460606355 756901753
335834769 335834844
404943332 753692986
7676188 81976393
366753112 366753131
351817614 443117225
609295737 655894511
120676671 374172620
226805785 383287041
374416397 374416419
22208559 55947105
162312349 653992410
277215641 355710390
384322384 445585319
916373124 916373200
251944161 443548718
296372670 963577120
594998934 594999009
491197821 491197856
602787711 602787738
278865863 278865884
675034239 686622966
242819155 784319273
125973118 247294172
730515576 838108782
192052181 785693553
75868993 107763607
531495144 785888778
34748037 574640941
894580183 951363163
838394915 882061870
422254438 422254531
13615905 100912746
900429462 900429484
633902768 633902788
653746749 653746803
272936390 517189017
568332919 827676102
7145026 579275056
747964591 832741077
409686673 612698753
448042879 789017276
201082130 824307848
422254425 422254436
29625369 784608250
993459319 993459396
975937703 975937780
422254626 422254725
54939834 697575507
423077010 911935743
440464318 677647122
974321900 974321953
523633361 523633433
788629959 802966550
915323526 915323542
372365480 584857573
588479907 588479964
26551075 328816975
422254508 422254546
5014199 929648808
437703796 889069521
101318243 805415070
12290287 554244497
291508016 714724977
74654704 842977954
60513472 429746241
543338549 543338589
60594263 591106532
87642233 904670095
90276496 466281090
594998859 594998936
248444341 248444399
589983627 690338809
528781154 858967849
900429590 900429686
467776081 467776106
384383227 473846135
589624068 935831448
162148868 209474401
224577669 931784013
254318055 652840795
759216271 759216322
706692038 706692041
564465598 564465655
967580726 967580799
121346180 958061855
474934264 987364364
387540013 387540018
86710882 580940778
56071538 538919844
437611021 690136537
153267161 809693107
625538751 842277228
216232923 437098621
133782828 670329104
420359044 644321764
322216140 355286771
633902836 633902893
406493072 716890045
422254575 422254586
266376695 286540095
276758036 749929761
118549585 143408891
147219643 147219659
127479497 315384127
8997662 54707913
491197835 491197869
916373216 916373253
281448451 395387805
967958045 967958121
508315042 508315081
89687517 803562029
591774286 698639097
278767657 357364497
422254399 422254406
422254466 422254527
422254532 422254599
957037268 957037284
967958046 967958067
659082625 659082705
730574460 730574506
491198125 491198140
522143344 806633183
234497833 815328308
967580922 967581008
624290793 624290814
47003641 383278116
903418931 903419004
759216242 759216335
847771342 847771376
712962177 712962224
242754338 678016003
67758827 552509736
464731647 907411019
516785168 908851771
698214040 851485898
124097578 682753304
324632863 938807431
531713196 979917027
21047746 413810073
2828595 406739621
277516983 436562799
45547409 66238890
12400851 589498367
550125276 882548594
416331413 865288680
53074130 88014272
34868727 235230819
594998768 594998771
967580706 967580775
275952494 946035964
910593096 910593131
811283383 814842430
335834833 335834926
16375329 476837240
695829607 695829704
974321900 974321954
582474121 796040455
520836026 625327488
677516875 677516883
701014026 791924586
19149762 883151416
535967000 535967049
275166661 659587453
491197849 491197875
350178078 821263165
491197870 491197908
422254470 422254509
75858378 161879565
262730862 262730929
896313407 896313483
529258749 874812896
102481997 542282382
167940562 268752480
876664196 876664271
38126131 914996643
422254421 422254489
455197391 455197398
633902782 633902856
308327042 783751120
192293230 553751624
890127520 890127560
22375284 332970592
253387215 366423216
315817119 354832261
572241009 572241021
343246696 921097173
750374809 750374832
323640414 779266948
327230741 850257930
105173616 280116648
356841241 837421306
125158352 236077639
123577082 123577130
429290634 429290714
15780947 985223404
271680065 382977797
936979376 936979432
720561157 720561183
508314992 508315019
251205533 518846725
422254362 422254367
681359360 681359401
422254633 422254687
89695131 186812691
422254448 422254527
519050496 552602263
656804507 656804569
944341574 944341635
123576824 123576866
348501455 562654278
6177095 281365327
42363944 777410637
882458240 882458340
173399807 234225607
605080248 605080315
32972690 771667632
422254456 422254508
772402976 772403064
953543886 953543950
900429349 900429402
946432913 946433010
60789665 175101508
534317166 712962177
51379808 511547007
135930584 336117829
422254448 422254477
980920920 980920950
909578290 909578320
308580777 875605821
900429350 900429448
564465630 564465720
202714126 203975201
864190673 864190738
570757376 570757447
993459259 993459319
314216077 335834738
102369536 392547482
353908656 353908661
919226326 919226424
543338414 543338500
271624029 320404649
422254380 422254393
422254519 422254561
88332308 88332373
572526233 863945145
661276920 661276925
18328765 273220803
543338395 543338413
212957232 630466811
890384241 966825918
640470858 758587281
107883610 118189214
31442585 122462157
915323528 915323585
660890939 660890962
306000097 900822819
422254329 422254339
817928925 929048875
336843761 336843860
103892833 151070398
491197769 491197833
422254504 422254527
653876724 907877297
680867685 782077420
129263754 263875957
558314995 922885400
309274315 991130579
449031063 449031132
491197783 491197859
11987788 755801444
580624851 580624940
422254702 422254713
232038749 787770580
656804494 656804499
932198927 932198952
331254135 474404619
218371939 218371987
515536639 784597463
303814297 443719615
257404559 918884305
393102412 708741225
31551833 492545595
278606546 278606634
481002046 649776082
809775641 961233961
103330475 971760827
957037370 957037461
15459270 248444340
217366437 412778028
178962892 204270444
109040926 699162980
917421969 987163506
813084735 813084825
482735215 571838918
825987506 825987599
51479042 512266069
485199744 744884721
362956630 396760757
787463159 991211625
39563827 188717632
380101041 662593079
997308703 997308764
585233189 599027555
309221654 937579863
123899014 149867452
572241112 572241140
102574350 881340431
916373129 916373209
644241725 853456741
572241017 572241084
66362793 576736717
422254426 422254522
262730853 262730877
422254583 422254668
33864451 776582216
615218317 615218338
112206150 888890278
48102128 144175394
341479424 774227887
112303936 192617499
674634044 748112710
371318375 422254328
447145220 679073461
606827926 936145909
133358270 382789878
517784535 517784575
290997362 570953514
916373209 916373301
303101554 932707114
106819824 233313166
437111751 967457796
215133115 215133156
63169246 285168822
624290792 624290836
758171299 758171330
422254465 422254499
161638756 161638775
491197945 491197968
422254456 422254512
844334472 844334535
17542137 677516806
485456863 981111138
92571784 740047808
467776098 467776122
682805661 703582807
325051923 636007157
665140955 896028272
609574096 908891091
6662717 586726010
422254471 422254473
699162981 699163052
247777751 447222692
919226326 919226378
279150019 279150043
946035965 946035977
65943000 431384047
422254533 422254632
1400156 10868995
829497671 829497760
903418925 903418931
370879510 488613131
284597616 305076177
576178271 576178328
157775688 583336975
549705772 817908389
826332081 826332118
106841490 226326796
13798246 261910701
653798534 956154232
422254405 422254428
234717016 234717066
967580799 967580890
422254385 422254449
426697373 535079196
910592950 910592971
189200048 189200127
368788057 565900631
141518749 310596230
279150013 279150076
427270943 708127391
980921004 980921006
935344460 935344514
110326202 727705948
325288299 826241772
115045511 860298003
599375665 910553852
412419539 412419585
974321844 974321933
779617667 779617685
228641301 795798404
308392520 407202689
21949821 227750245
131515445 731584439
322870985 982464872
422254681 422254777
904508104 989906367
907877297 907877394
997308594 997308641
616171829 616171904
178108062 886352346
256981413 500961244
636357832 970704386
343467992 343468047
107753434 831518918
568147471 802506635
383020308 931278148
915323606 915323694
800701113 946433769
123576914 123576975
579777154 684957514
422254650 422254671
422254566 422254661
590918018 758171299
422254456 422254462
251119001 299270429
967363782 967363867
762513595 762513638
744211512 953722633
661277012 661277025
6680140 8183482
168499762 381943897
928904949 928905004
307591547 319070976
28482077 322200546
342094004 707133063
422254393 422254407
497266980 708910055
22734120 408218579
208672100 753918022
25937214 926119145
671405138 889060832
290674477 625360961
543338448 543338532
178981016 558874690
422254588 422254666
81130635 965040776
772403069 772403117
23468496 478299781
661276920 661276943
572241005 572241030
491197886 491197943
583581920 583581972
413994431 953543886
279150050 279150063
488653280 527926660
422254522 422254552
660890963 660891011
620981928 929144690
336843762 336843771
123576913 123576955
422254466 422254504
319532156 700489913
459450547 890631880
82776321 926591945
656804410 656804418
425974727 938908121
55026399 64192243
660891017 660891043
61696829 974686382
910916493 910916561
181150492 259322675
380479780 971177074
543338469 543338510
980920897 980920957
574189507 697214530
572241057 572241100
422254329 422254358
893405907 996322562
249048407 858635405
184976538 185816585
337789225 644647519
661276925 661276996
38067457 871863641
422254571 422254613
333907956 846856524
916373254 916373268
361177370 451673820
489877070 813645596
313081377 313081397
793294749 793294753
683471886 742430523
103480617 352206449
656804499 656804507
108530285 391443804
358233541 752995629
661277095 661277120
3250678 281675652
616171736 616171743
301743504 883009377
61493119 106144071
259958728 620323529
913610181 913610263
190155607 234144751
577007206 670914036
786868941 863712568
18903351 499135891
718217261 873171342
422254613 422254685
60816455 504409568
980920797 980920827
266991115 266991213
872916503 872916578
65207353 220038173
113266935 458835842
78525703 387540012
605327290 975937703
462568358 726574374
36935448 987169316
513681821 769674133
88332373 88332452
278606635 278606718
935732239 935732304
771604254 901415534
208767677 635716512
661276921 661276959
215133141 215133197
561164966 584494715
356036991 495584559
982501613 982501706
632705543 870728358
523185577 612615355
422254733 422254762
466157904 466158001
637050085 809352284
181607678 702440130
342650358 506863942
767969780 878097364
198440355 449790143
927037722 927037730
24743813 801298539
43216294 517355316
659082544 659082624
68065687 592187152
543338516 543338595
422254505 422254565
77501866 813590979
67085266 558593183
748842118 759252386
126191859 297722354
54059177 72459450
946433011 946433037
455831786 455831856
335172119 695874068
422254577 422254623
517167936 517168003
812373540 812373549
276787213 811250887
189200048 189200060
256673401 822929949
326578407 506259112
479780246 570420464
513802491 808327437
97798342 915261583
439712217 439712267
272559881 928904871
424440490 672255091
430358212 449461730
491197782 491197869
888153592 986041971
922085067 942587000
113562797 663252174
900429509 900429589
83154659 687762772
896313349 896313366
47683372 47683387
526543423 526543488
695829607 695829612
967957978 967957981
449883928 465519988
447236909 447236993
422254471 422254565
638564 977352103
219835916 219835927
477587649 823361266
127150045 452685430
654019192 978867785
594998902 594998933
653746662 653746746
283908797 363771030
213490913 213490946
83640834 108594414
62929269 110961956
105484748 160564052
972948301 972948363
10511892 31588659
373520381 562628706
511940968 755449045
594998834 594998848
252416361 989775292
447236829 447236876
149259299 173895398
422254379 422254438
77058763 929184396
4000204 906730102
779617686 779617781
966223578 966223648
190724030 786444181
119386937 256961246
859658784 859658860
292398307 439712217
422254473 422254536
937579863 937579916
491197966 491198021
493363138 649501059
131487177 983278074
119583258 741030129
794113956 875180445
637589916 637589990
491197834 491197856
775366808 911311523
932198834 932198927
669589669 903550842
815127801 958874328
535821624 751039196
916373123 916373216
30269201 371203697
326491869 721735799
326520897 330552658
43828468 852355658
422254618 422254626
672255091 672255105
55010253 271330480
238666336 870303542
422254612 422254622
869962768 869962787
422254778 422254786
422254536 422254558
847771420 847771471
251536205 801928471
365552696 546484716
91876503 783195583
575350637 575350668
643339256 762923999
491197908 491197995
170407552 594998763
821886060 821886069
637589916 637589939
422254373 422254460
518955286 893592036
343499215 958645277
422254617 422254639
643541019 913321909
141450827 828950088
285883578 664465095
802506635 802506685
732592871 732592942
32027928 98786153
495683116 665211571
78027731 346714922
543338644 543338701
297252634 307608845
63694863 793741143
453576128 453576225
422254384 422254455
580624880 580624889
180185502 772823313
137123611 313348481
422254518 422254617
664868818 859223164
883214462 888722080
128326067 761380723
543338535 543338559
176438536 453906912
339114372 428231966
660891148 660891224
572241193 572241279
491197946 491197968
25069773 319766543
44801435 92305964
491197866 491197921
540534023 675546270
283875067 564814666
7420945 36928785
291782612 670555220
7689024 908019643
113183520 486513353
422254438 422254500
584866240 894843579
59724120 382449417
422254565 422254595
592748297 790547278
76481009 157638716
390234195 729223042
954997700 989053563
79748275 868268724
903418903 903418925
529058044 529058095
263251707 767040628
829810771 829810867
504151963 653377822
154877208 688575749
467776098 467776145
56384770 203309960
24686351 55502125
670041481 670041519
54892119 741713145
422254539 422254554
655289361 751724594
687064222 931399623
12624373 112077613
422254466 422254471
946432914 946432965
694315178 782240049
633006395 658563757
732069045 826790990
656804443 656804493
117498799 594063096
448525690 448525771
18799824 553207717
282802639 319853126
254573042 481978130
644321764 644321783
8992133 600133059
454848427 454848513
314723231 422620304
428121393 428121483
50071426 215132867
123576933 123576995
562209421 609122545
178549186 334034846
124344440 972369960
481392826 540737276
282821076 454430576
776667640 776667696
639253751 875854736
876664155 876664195
901552945 978448495
55064498 453576127
656804409 656804442
479415670 655229721
913610099 913610159
255032849 818467884
927115112 927115136
53229139 124397114
769707277 769707303
735895800 895401751
15962466 357459525
2179337 33241754
380844239 453144092
567183921 830490598
431765475 838737428
637589940 637590011
422254679 422254716
957037239 957037250
475097322 633277061
272032639 600233077
154847889 988844751
751456694 961532823
432115506 795351027
467776058 467776080
593050105 805224082
88332373 88332463
754236537 754236567
661276995 661277063
887079079 911926289
9194841 576922814
422254429 422254465
169320950 761737547
491197783 491197820
915323484 915323499
270889496 436159481
967958062 967958087
283060752 353127527
108173678 409266373
909578329 909578350
46764511 366135880
316611728 916613722
422254551 422254578
752067513 752067582
509093929 570757376
449816097 449816119
567486664 676356253
260319744 830134690
103680432 833042037
92349499 921759403
422254539 422254603
829497761 829497836
165308604 264147552
656804459 656804485
505040387 643053933
422254691 422254739
543338413 543338455
279150167 279150171
874454970 874455035
18230599 247101826
362668512 855714153
526172787 526172885
377543965 612480262
88332393 88332454
230863593 231920180
915323549 915323566
488460139 488460180
34616346 584748210
46610886 546087915
903418945 903419002
553751759 553751799
96980989 990241926
236451818 719185155
535079196 535079241
114431206 746767760
111038716 621054687
278606568 278606633
298710539 791231895
614790745 976698635
422254372 422254379
491197853 491197904
422254588 422254675
28285537 578494725
521199355 726828578
186862622 194628797
610679927 975745024
543338521 543338525
219493076 793413070
6145397 398456197
675043276 969390761
422254586 422254635
245302815 720580189
864190632 864190725
51347325 661434066
232933515 274589187
124767481 460003389
19822490 91273837
593708325 954701993
729591059 844356668
422254634 422254708
158434684 158434772
767552697 887182012
997308582 997308594
543338521 543338530
422254456 422254472
646617765 646617828
299791578 683036123
160162268 392380879
754236536 754236568
754857818 829466245
997396247 997396252
335834834 335834893
754038095 932357860
164825860 894581828
228721530 384687797
17323502 824686260
232134476 413800967
121256433 299025718
407253855 758046307
230783927 595087032
205957931 246786318
115843072 454384859
778357880 794684783
292538491 892701751
575979343 815303458
286948295 980796788
41907319 276961028
524584212 524584300
8020977 199129954
507378205 519988777
491197814 491197852
543338513 543338612
616171730 616171811
632137714 955000552
776097435 776097467
915323389 915323484
422254373 422254466
283914227 946062421
918099261 918099348
503752949 515078793
473620168 807980711
900429362 900429406
422254522 422254598
936979376 936979438
73679 346117160
730574508 730574595
696110878 828530589
120652843 169448553
41305375 582190248
255499037 818691458
909578425 909578493
52265652 517167935
685507944 685507981
52888072 935602845
88669535 385413656
391167195 399397909
189197184 469735734
860367731 860367790
793294604 793294689
708741226 708741301
491197860 491197920
123637234 761985634
693861442 930031261
62945271 754142751
290372822 509802401
599204885 762674818
510048357 937778320
201369753 682616546
542168445 644031828
500230739 956194672
23905109 793723626
633902721 633902776
389732140 454984124
509683956 915323389
63391637 539200467
204023475 826580780
77745911 937403993
216821107 778505442
285052219 381193374
558140896 558140961
37415215 342881897
850696678 850696771
78924914 501030387
272937086 860956534
82591985 357853978
196462997 793434700
412548232 954471539
188717633 188717701
422254467 422254513
231173209 700797180
862198336 862198385
95256724 504752887
34575440 880415857
793294672 793294740
900429441 900429474
754236573 754236634
17173790 990900881
31571587 212760213
279150055 279150123
422254364 422254412
946167398 946167413
454848354 454848427
600512772 943786047
20597463 336353222
667814842 704596784
340738570 450571936
870366619 901368826
821430625 914940219
543338597 543338629
204460552 843629715
491197835 491197909
633902707 633902784
916373129 916373206
60406848 112805992
136481167 883692944
529058119 529058146
779617677 779617726
697433515 711450548
772402976 772403031
545386278 957037238
422254526 422254585
237779475 826980312
422254679 422254768
111955054 788770300
10654195 517327700
821555024 821555050
197573795 439438335
89642286 572034758
317647696 736382951
422254575 422254579
491197847 491197940
575812704 873490764
113111467 113111543
484633236 484633255
701527941 701528002
790382364 915982086
667428952 989130516
585639342 722718666
422254733 422254810
104388589 935344323
742430611 742430689
974888131 974888142
179432358 697605794
215172764 847844891
585650655 854472851
32835761 593830895
661276969 661277063
419341007 494652596
217248900 258800888
332637010 332637090
195096671 730574459
604467381 714573977
560041149 560041164
218565900 766376886
215365751 885472207
482950973 897944028
746639097 746639179
13779727 831027800
356135500 700819698
919548170 919548176
79634639 876129386
239776929 258906638
123639110 139488960
4100656 200751169
40189004 428797119
431664540 934799468
109896623 731361275
106855876 281919028
23435310 881957078
125523582 834238563
15707734 607480332
279150318 279150361
751594505 828775882
27850342 377141703
302226530 585164399
114265727 874454969
29897050 359890458
232970784 307256836
560126566 871548490
532839043 822831759
673870040 850904646
679085116 679085125
452486159 988553082
422254506 422254569
941115669 941115712
979178454 979178510
42572137 53366561
263477838 848329708
335834769 335834795
447236948 447236974
16509124 739821436
695057267 742351469
37664029 965481881
728236606 762135088
422254515 422254526
295260381 858728693
282848386 502042159
856151721 899756712
407855533 576784579
46320624 122651261
422254539 422254629
67676415 219657460
793294524 793294624
186951580 973654319
122293182 793290559
393183739 576106108
422254517 422254539
847771377 847771420
178581834 215337163
443010445 443010512
953543950 953544047
21364283 65755007
947936626 947936661
594998902 594998957
932199113 932199176
600233077 600233088
29656378 665501439
78584645 906543704
260391911 276718783
426703989 426704050
104895447 127104487
900429414 900429440
769707304 769707377
878467816 994510613
416921162 455013361
279150169 279150184
319616433 992527128
457873658 776013195
358183078 358183093
319889550 426198978
422254595 422254691
403993345 967593673
511768251 760703700
997396252 997396278
967363782 967363817
175101508 175101518
11538538 661779431
229621859 352781065
915323576 915323605
50956326 589033480
615481441 910916493
198565765 505921013
691942651 719678068
743955917 792301813
608557487 782120521
798988328 810330186
422254586 422254661
203720124 752067512
79206503 279681890
136548993 438105788
189269114 459353029
358183078 358183093
557352892 991235779
121226625 835695482
407332507 746978251
903419014 903419076
80726028 964471037
361367130 361367191
491197914 491197954
450462248 571722904
919546128 953679917
383828006 383828036
827196797 827196851
815153210 815153213
732722749 778029383
633902857 633902866
514318181 597820758
572241112 572241119
767616399 852445349
260287937 991974671
296846675 370693382
900429674 900429687
422254449 422254502
957037322 957037397
264311934 905014508
12818063 824725637
7957453 885932978
789858316 949379108
667879015 886685161
217417897 720807563
422254810 422254900
215132986 215133042
759216147 759216241
241668177 915837893
453692802 776097434
573526955 573526977
454384859 454384875
842977955 842977957
848667075 848667171
422254553 422254621
278046365 846420712
658174328 658174401
266991217 266991302
64502951 276947347
742430610 742430692
572241001 572241089
916373209 916373270
169941854 224462710
543338513 543338608
100104863 874967835
466157948 466158001
759216271 759216364
916373210 916373299
865768759 865768782
422254362 422254429
913056722 913056808
661276972 661277012
786196719 786196816
523250570 772373324
927037722 927037736
915323567 915323618
289848287 511868947
627939956 760489864
422254466 422254553
123576913 123576922
123576922 123576996
543338468 543338513
170686871 481405532
371656980 777681268
825987537 825987617
234640932 256258279
913056723 913056744
243114194 312978751
231179125 773450767
543338413 543338473
147231909 246409850
728843898 876683929
656804554 656804607
605080187 605080245
230308538 728918588
422254363 422254391
58815991 535595107
619501129 757385823
382203244 742392244
365982683 766226385
822831760 822831837
353908572 353908655
279150077 279150100
446199274 908995904
916373062 916373078
42390202 698967690
740544428 821312300
433093169 767141763
24977856 167674773
771487579 868967697
20297649 417778631
136748853 988766215
422254618 422254670
422254637 422254641
444130195 633457274
27490748 967444555
423305256 911177738
473552658 530831646
113985187 825528627
742430524 742430589
39205840 572058896
422254522 422254534
621153850 794761287
422254466 422254559
218196063 598282669
893764992 893765013
705430179 940400613
406697682 649296978
821886061 821886065
443892935 471596990
163785784 682033117
793294493 793294524
176343238 726978649
967580697 967580705
484844556 726915601
612751781 664305058
422254435 422254463
207752908 352116549
16118662 144336389
587619883 587619960
448525603 448525659
349269175 943093162
435749504 998318921
422254365 422254396
398077085 431005152
334096826 792314100
900429505 900429598
422254591 422254656
807799735 882458239
915323499 915323549
759216242 759216329
634918696 906283536
656804440 656804499
180894755 579793470
150696154 239301915
237610855 738328965
80943301 651757544
131008422 251423234
347293941 567868026
732592943 732592982
110358476 394362042
389224700 467451542
767720663 854524867
915323592 915323679
367922466 414624733
141790901 659815308
633902724 633902773
42826051 405427927
491197769 491197865
778516093 778516188
192427070 466407777
885158805 975748545
613639955 922123037
742130940 872832482
322672205 556657899
639075385 791859647
76091142 877715856
42841322 529058044
247539850 551221606
298890587 653636161
189199999 189200047
138638240 739186324
206220933 691067134
324455957 956987160
422254528 422254538
641186978 894275798
572241098 572241192
272622291 809193768
215133043 215133115
967581009 967581029
750343758 952314205
133351410 139409847
633902781 633902804
81211929 847732332
659671725 859678972
746639097 746639149
279150185 279150254
106556990 233515077
85976943 771639677
389012468 690939856
422254380 422254447
824685475 824685523
19782110 631175736
871548491 871548553
65345912 361259695
570757376 570757476
325150744 752682300
491197958 491198016
422254441 422254530
543338488 543338527
51933747 639402004
290970822 428121392
44428782 280743915
93541938 415734445
382196890 632581407
422254447 422254517
774227887 774227978
580624796 580624879
511845817 609282315
416655528 568664022
336220976 625390944
188717701 188717756
422254597 422254670
511536376 756185041
231134951 658865550
604663237 928757327
623880095 623880194
317951956 905642428
422254766 422254858
900429415 900429482
935732202 935732235
491198022 491198067
47074836 873075880
75453458 717413978
937782153 961699692
3409964 373716530
891816457 891816538
754236635 754236729
263000460 283754336
543338587 543338627
428914779 865647919
65245252 210513295
167971061 843580799
118525843 521511984
422254513 422254524
793294393 793294492
28973940 822391387
675096297 733340248
572241005 572241017
414505192 759770780
656804437 656804493
371734916 638847509
534953867 572771309
644321783 644321800
896805364 997396149
112292893 543179682
769707303 769707356
259099421 899835819
656804440 656804484
341072427 784853471
336581844 372477370
313540930 806414218
422254365 422254424
422254372 422254421
586743510 888865421
321856615 747948452
762513577 762513595
296158788 331156120
862953724 862953757
70310698 70310703
12932010 424766388
627913452 993647372
637589915 637590013
7457453 587619796
215132898 215132923
69152147 787225000
187259916 393998998
919548086 919548170
119588534 829497671
626420465 708082861
136441150 454848354
139992137 652583401
491197869 491197958
916373207 916373287
74276194 633230501
379697953 604021612
252616748 773328480
239491871 239491940
275016336 275016413
225131240 290370401
762096580 762096653
607559381 607559391
558993636 752075733
590123780 590123814
279150101 279150153
552822217 796916447
361367130 361367208
900429591 900429664
300528188 415192447
935344323 935344353
214775496 792408956
529460020 902238605
152342336 948813297
111811302 809884058
957037393 957037408
506858599 777770773
957037238 957037322
40768911 355378835
54891614 286922710
693065201 869839210
145876071 434316801
189453139 335712856
63392628 668035556
180251263 437937380
422254587 422254674
850696611 850696677
597253456 895630463
430134843 705334419
524097474 834948238
967958045 967958062
316431010 316431071
283090292 298885150
543338493 543338545
268801797 373756783
382106392 678270745
113925350 438549506
422254473 422254564
366349351 712381787
979178511 979178604
422254356 422254437
422254475 422254479
145126570 563636134
167798191 876836771
508314928 508314991
544919695 938162318
279149984 279150013
669552935 943065532
422254565 422254591
491197834 491197928
491197821 491197853
967363868 967363967
135604393 653874323
279150014 279150055
78414359 290930951
32987724 508736269
379300652 582517648
711732912 801469412
415104446 438619629
386290607 877135502
6661880 416958680
455771193 838290660
864190633 864190697
328090580 619348351
341042151 890521680
336843861 336843942
633902660 633902735
18107981 434456231
901368827 901368857
829810886 829810970
586633912 646617747
608653261 897650374
230652373 297545057
14600104 375842419
435028017 833467986
277589590 787895554
183937197 343467906
87714399 700709349
46312763 284495698
82428623 281639326
37263766 504929144
730229479 959841849
569696204 882949980
656804698 656804709
146284090 813145262
52199361 591995858
78679180 907265680
14615293 327635914
422254386 422254456
79881299 365932513
39090386 663524126
126160941 618979213
9515545 188605875
34262026 645680564
680426057 839252612
481132587 481132629
394827502 737939352
225927449 768290938
145706668 426582674
422254704 422254766
276718784 276718811
957037293 957037348
422254441 422254521
759216270 759216278
860671821 860671858
82816721 608883368
422254527 422254598
793294604 793294666
461191127 754223554
186841702 444812801
300890304 602650416
365285036 512901488
872916503 872916589
8685841 957975272
212780680 766293488
416187 668955246
574335342 997501801
580624920 580624976
543338534 543338582
316293889 325466312
67021980 476707346
491197865 491197870
845232115 845232132
974686382 974686423
421859286 421859385
15407703 577209396
422254380 422254451
735835956 965086572
104051772 839229201
79148993 867339692
911283426 911283492
455308428 623516590
17917803 474657969
793294603 793294661
537041011 742396953
249470587 556464423
910592998 910593042
422254513 422254588
716373451 831336431
125467432 622758348
325312320 517186327
401289629 681387296
543338438 543338530
34696369 780614626
422254678 422254733
900429483 900429525
123576866 123576933
422254365 422254425
145825552 442185632
957037269 957037293
562991521 562991568
33724297 172597654
454384860 454384882
113588205 374383692
529058044 529058115
101226555 910800868
594998764 594998808
481132526 481132548
688035530 826203416
437419751 711449861
175396255 942472977
263202832 682186430
196622286 336843761
293473242 552907998
915323636 915323670
864190609 864190632
56513644 231371041
147219643 147219716
422254598 422254689
32767278 116796477
913610180 913610276
633902707 633902781
165487793 215100835
981150454 981150486
793294741 793294779
371178770 859375399
549422572 549422634
819951846 956381045
908851771 908851862
110133469 195139949
296612697 665721888
422262094 555588356
195481594 453342993
402833627 775473033
910593061 910593100
848252586 980401896
213566803 681683713
135667662 664913525
910592997 910593060
422254373 422254466
742430692 742430776
294887145 862436551
143669324 461512191
847771448 847771483
809255172 931789237
876129386 876129451
661276944 661276968
422254473 422254564
490426907 490426990
422254384 422254441
66858593 868327737
747948532 747948586
422254503 422254576
572241074 572241106
117422074 607559380
167026582 794393402
53762118 165450360
654521730 718851373
322535278 588479906
400675354 596574215
526938565 920022788
144996017 164448837
78108930 383571123
320531648 603710364
835820032 970015278
520074918 769539296
677516874 677516956
100510227 452202633
715302498 715302543
818884133 818884223
23108095 587743529
634639831 634639871
117444442 695598504
520352524 520352624
422254470 422254515
578378133 986106418
154949473 290242718
69700566 340677286
491197792 491197864
584857578 584857636
543338612 543338641
422254498 422254597
260786177 636937790
67357388 690700279
533235163 883300978
590110955 955596396
233634810 508314833
535079197 535079217
844277233 850696611
670041520 670041565
181399973 775233596
893328188 893328222
980920958 980920999
491197865 491197963
48372706 492215282
213850293 444932308
162623526 242067907
217852226 219937944
10636175 914813322
491198035 491198124
129214866 310855028
900429350 900429446
147775325 159262129
285619692 466157904
337398428 350628681
915323390 915323461
22054401 647467705
660891073 660891148
268483668 619131689
50842784 578425979
336876308 678905020
344795301 390532018
419991855 454537430
154769879 203763774
294179248 472131140
974321844 974321899
91857144 996463905
491197769 491197806
865288681 865288724
616612623 860671820
335834769 335834834
422254487 422254497
153329395 303027785
494353986 539015673
454266565 809762044
840883105 980285853
190578085 360891613
144349211 655945514
620031340 620031383
89841126 536593309
40795734 517784438
980920877 980920911
335834844 335834867
161498481 674143492
491546618 599066760
517784534 517784575
453722210 861983866
620730861 654316960
208457084 711341631
15226581 996710447
422254564 422254604
724808702 974245839
95850093 363834025
4927875 808459045
247944245 302505287
216530334 833681340
584729950 867850652
921585494 921585501
100954970 151330861
35141445 415400821
807659183 807659273
296989082 296989172
642362136 682444758
295879796 696506359
232312018 232312027
543338702 543338746
503440795 817680051
790902019 926754799
44537338 140225734
619624928 848666983
928904936 928904986
572241192 572241224
447236909 447236959
100523876 100523889
69333353 550970395
799645743 981699929
919548171 919548237
26968736 994398424
285277962 892666061
596667886 933240524
422254400 422254469
604539164 827853355
485323077 573526955
778992255 778992337
43838770 75130220
113742623 661276920
303814230 903418903
785148085 785148137
107437592 668476327
213391835 706692038
48186415 174921845
350786261 596476140
265389611 802896936
267737508 295040416
422254528 422254608
910592997 910593025
422254405 422254456
745732409 745732461
101118174 370637596
370375956 876664155
543338428 543338516
84622082 630297179
342260342 342260359
85030326 278865863
543781488 543781490
656804508 656804512
435282829 762694924
793294393 793294407
271923862 754236536
407603332 564465536
123576974 123577037
152177329 442647218
891816539 891816634
371873732 371873762
587619797 587619838
661276997 661277095
39122523 397519955
47886610 294564592
122955913 252681099
705542082 848539108
759216330 759216394
865768846 865768852
991884948 991885013
254990465 834787692
12763434 48946396
393295890 486600465
419408481 572446287
298997251 772402975
707759723 847585245
633902782 633902876
19567453 81036870
57692474 759842832
190795414 833537264
49760435 186625544
661276997 661277080
2021398 137959031
21804493 424243023
769634322 941055750
203548657 635852104
66657984 353257990
572241030 572241112
491197791 491197849
422254636 422254730
196463504 374090462
312317105 371250853
958645349 958645400
585054262 605080187
22496439 730130679
157929516 584163692
191882260 861820704
581691305 834304301
567442006 591762628
732592943 732593019
38970779 82167021
576178368 576178371
449218386 512696807
870209921 945562195
300329143 521778493
663427135 947790076
152382990 214836597
467776254 467776307
210748116 909776339
92302102 484578701
588479906 588479952
640847286 953023008
769916951 904168678
772403064 772403133
491197963 491198054
543338474 543338534
422254559 422254659
997308764 997308851
107569020 644354943
57218081 634065809
428060123 722665023
297263716 651322423
194628797 194628812
123576971 123577020
25652030 439737214
53333963 953334156
4778009 255941498
217773981 731790556
474937472 620913851
376835626 829810771
977352103 977352109
561990232 735482472
413247202 849680487
605080188 605080254
3721017 88075985
242035030 609663168
422254329 422254349
90172018 709707426
106502978 925638582
507098018 718829351
213597598 788950821
772403069 772403160
167974615 894469294
534234150 606520604
31749535 111018730
336353223 336353270
572241100 572241152
155155477 984786400
380949269 824116715
239491940 239492036
742430524 742430610
882458240 882458320
724410941 954893968
661276997 661277005
932198928 932199023
14456273 109832947
136951209 141524238
950679889 950679966
221501047 659082543
87190132 165534759
712962178 712962278
40812964 277974344
281658359 867096916
32025389 183193606
934434 214762838
598330520 598330574
188717773 188717801
23394375 547091553
842457280 842457293
872916549 872916559
676607751 954119395
302708421 911344821
829810771 829810791
872916502 872916538
520420034 933042046
271619491 402122863
637256838 729823727
146807151 521110509
543338448 543338521
422254632 422254704
916373078 916373123
475999298 610369584
452928070 949843825
455831854 455831912
235940974 983791712
491197769 491197813
572241001 572241004
600355054 701570425
449790144 449790236
29027295 841824587
88744358 762126351
152435708 580624739
299047306 988619641
232182719 462248384
260744117 315048470
560484647 560484682
279149985 279150050
399936519 615345261
403253861 695829607
677909531 886100769
32845449 555433047
115098362 604524156
656804409 656804465
508977468 715890108
423212372 968311717
660819660 686100172
576178236 576178270
980920877 980920905
36895467 65064335
289878496 353908572
600233156 600233256
266991120 266991216
848666984 848667018
807659274 807659354
422254518 422254599
422254391 422254409
2560134 345608917
341204696 518150669
829810792 829810884
422254442 422254517
295206146 717193497
616171762 616171851
563160514 858474773
62875109 288944392
361832898 980920797
915323445 915323450
25787064 340463163
796170423 965429560
289520270 960581500
508314834 508314927
661277096 661277117
422254586 422254612
611461315 748338690
580624740 580624795
634276902 849737242
422254560 422254627
48667241 373288011
1834538 957562133
474156733 797007499
978867786 978867803
467776165 467776254
783810068 783810132
10258879 278276186
422254561 422254591
24131187 643193651
710239028 751980256
104745362 200467692
491197820 491197889
510177023 648366930
585538706 711441542
426704107 426704198
295045144 531309131
422254456 422254460
216478062 921378146
553751710 553751759
661276997 661277056
595769817 937593678
451938496 451938509
656804409 656804440
215132923 215132985
422254385 422254449
719174994 966897186
20182898 289162583
922324510 922324568
697144806 868080069
37181004 192428374
928904960 928904995
422254592 422254641
422254724 422254776
29979128 250679612
422254623 422254708
228339300 449816097
812343534 812343558
980920983 980921070
203467583 766966328
21110064 298022721
197423341 266087187
586336155 715302407
443442641 934717829
20298212 916888512
28988453 888519827
283773863 516696504
268588387 301075815
543338544 543338626
118803933 431800365
934717830 934717860
769707277 769707302
848667075 848667117
122525525 851795587
447236877 447236962
332436768 781958146
466157904 466157948
402364722 910261051
963577121 963577163
552414772 554789715
422254592 422254632
913056722 913056758
937350735 967957977
741313283 834166280
300576029 894885419
132762283 871847325
374075586 654500065
86478776 859578854
212541913 330370192
108477432 358183077
422254463 422254546
180678881 622226386
315606172 670494729
120041255 679413917
520564922 826441413
188605875 188605928
636637550 800546050
661277096 661277146
533452622 665801584
932198927 932198953
671308899 787357311
913610099 913610152
35048407 60097487
422254473 422254521
449382614 460950366
664305063 664305090
980920797 980920859
800919603 839559554
576325823 721252978
232226753 472613782
656804558 656804574
279150073 279150101
95165942 499666458
501614980 572624767
577560952 917226986
250975714 642033282
277761980 762513577
53854280 900699125
524322524 526930083
8767113 469652150
910592950 910593036
365064588 478280578
91961361 95911198
367510504 927037721
156712412 239491870
406503329 665149318
116470165 388919039
85796170 985181018
50501394 948667861
758171330 758171421
793723627 793723630
511331369 875207471
497077153 999311016
825987486 825987505
244852038 451938331
2480103 666891214
398668122 669370292
639166557 708507984
910593061 910593109
408696762 417813997
885932979 885933025
236981327 279273765
189753789 198252827
75817716 733383869
268531042 415012500
123576929 123576974
537796819 618095898
705126856 966518850
420153313 817415975
119313535 302756320
445266280 445266352
916373216 916373256
157024967 857557319
919548177 919548274
660800365 993459258
315140028 458755609
647722790 837075249
523417327 862953723
117347618 485319643
20125431 459891116
208833374 832715888
146590237 390435751
900429349 900429395
146476458 698047063
353406304 421570906
648341107 845383073
900429350 900429421
586530625 753176506
605551731 825987486
754236573 754236647
233661503 736926393
751914956 863555372
38338708 158434619
492084953 651722296
422254425 422254497
69743141 612675616
375884775 737974664
422254380 422254422
69859887 482758522
326968959 403587179
666240749 843211445
641014678 863426103
113507622 564881045
634378718 767343506
910916562 910916587
580624857 580624919
543338533 543338549
916373062 916373128
547195144 786790190
42489627 85914039
559569752 810655602
637589916 637589971
723529033 992140824
762328813 872916502
848666983 848667074
295490996 485597019
841757938 841757945
422254810 422254893
336154578 793584877
913056690 913056722
446090309 521374033
130497334 285309426
259549331 923942659
131623644 185767715
25635318 327902232
343467906 343467992
529058146 529058221
348639921 941932342
913610098 913610180
188717715 188717773
857619565 929030990
425091499 582740604
293920157 447168551
227651233 227651268
22279196 402742751
825987537 825987592
170205443 370067018
848667018 848667050
204316355 204316425
91402589 311087656
123576866 123576884
439712231 439712263
422254553 422254620
919226326 919226338
422254386 422254474
543338609 543338640
321833785 354925898
760820160 760820246
757526845 896313349
616615929 630975645
188732775 976302889
790522934 845782097
173938525 847339553
556347123 614716240
115216967 548208266
24573113 846378850
543338660 543338672
90373835 740372734
993459319 993459353
227016617 343740515
422254613 422254682
44287047 208366048
422254492 422254526
515704120 515704211
306078894 590613914
143008244 174614183
723935921 827401830
422254428 422254464
379356262 977001177
341714438 758240114
598218788 804731135
131830482 892245165
297754720 665420461
403364770 586581941
185728099 929698971
459413142 459413226
910592971 910593041
839694278 980423092
935732140 935732201
928904872 928904959
608491365 757188595
66390847 95760885
917129762 917129841
292143492 292696278
759252387 759252409
219835916 219835941
141312482 196109418
656804409 656804500
526626639 920284989
788950821 788950880
634298 471999543
207440388 758409426
278865884 278865931
2235189 747208954
275016307 275016336
365789427 578515536
6431017 602787710
111991074 279149984
6787722 129773772
10829035 484266063
82504375 297143502
495512360 703215500
27645413 643987886
934391547 934391615
490935072 720561157
900429534 900429610
121913813 831807272
469595289 662873441
255851504 398577295
323723977 529764976
712378135 900283592
491197793 491197867
389847434 710935643
90383677 189199998
2847380 850863905
215133043 215133141
258907912 807957483
899218532 899218547
526543408 526543422
361367209 361367219
605080316 605080395
75759353 103605281
169573744 491918967
145950989 298342046
82062749 447902903
105963963 645581594
422254512 422254606
144304728 175907595
572241005 572241097
141393263 141393348
151808936 342260341
572241107 572241125
209170310 540049813
708189816 725414999
825987487 825987536
655287890 655287928
821160003 897996994
256222108 591618973
65829168 518631123
42848558 605918483
347421970 347422035
302737754 520493462
553751625 553751710
656804508 656804513
422254529 422254614
313081398 313081487
51421098 361896727
573526956 573527056
787602633 800990597
124204484 147361371
233141722 538100739
23759025 486988674
76241203 191307207
418348286 566042977
959062652 991444260
594998763 594998767
543338706 543338755
52622564 944503224
394934737 820375709
123576997 123577060
422254340 422254365
17122876 29845784
549422484 549422495
757917070 965394137
892924307 896952442
491197770 491197834
472613872 472613963
892054046 953199865
136554264 981591220
576178283 576178329
79852432 258723999
847167 485167078
576178329 576178335
659179606 779349178
851795588 851795643
636240315 810817566
140573458 589477477
85700716 917044178
119724557 273273153
454848513 454848567
282549360 282549439
575350713 575350716
913610276 913610336
83645611 936979375
407496786 699243543
373562372 748361562
422254516 422254580
188717632 188717702
125253824 166764632
190353273 476202297
19794594 561205309
848666997 848667042
17909176 233820276
78726002 746679996
96430833 303615471
900429449 900429541
829810867 829810885
428121433 428121515
198659856 465264324
80068520 595634833
422254450 422254506
692021273 810599473
752463588 854519814
229696317 920496638
208598665 728537161
957037289 957037378
136849003 778398422
594998834 594998901
963765730 963765772
282387942 495241916
812629218 990514415
220862388 419098061
526543550 526543641
374725438 730941821
422254509 422254591
701381648 974696810
620031479 620031484
30761847 481498864
123576971 123577052
154147052 405828264
778992170 778992254
549422483 549422572
491197934 491197975
589785527 946432913
919226326 919226374
687828912 687828938
903418931 903419021
134305008 322083218
28459095 44460397
551942045 878419841
366325526 422315768
422254471 422254511
36166547 788919051
279150056 279150072
89044358 641860156
636899641 847806412
127948934 480110193
543338396 543338466
75964604 159494132
405649900 679085115
507773584 907117782
898089596 913803091
915323528 915323616
161012319 367694810
997308641 997308703
811250887 811250931
872916503 872916548
315545058 315545086
296989081 296989091
852433114 852433190
204316270 204316311
99750101 788884191
422254466 422254470
357459594 357459650
422254455 422254504
513954851 729019779
517167936 517168014
452088609 712922106
86347769 363156785
24121944 111555790
422254399 422254471
95903599 245053801
422254533 422254625
17797332 145493952
150166503 359146824
821886069 821886091
245275892 361846904
105897602 323119583
398949609 913056689
741995843 741995851
96434568 427753008
422254429 422254487
731790633 731790692
661277026 661277083
288218577 711815470
524677417 526543388
282549355 282549360
900429426 900429436
915323550 915323591
356244237 727881183
488613135 488613206
325385051 411945367
137275393 352419026
57676118 404722298
71391961 140844571
143078862 873514728
660890939 660891016
529058116 529058205
144685045 598299058
422254372 422254418
297822361 868282130
294461816 678710974
63882068 662791675
667860677 740238428
16597707 316431010
491197835 491197865
88904389 810113288
656804508 656804605
160259782 633740609
909578337 909578359
979178388 979178413
143573449 981980794
246786391 246786404
21712695 449945266
422254443 422254482
121295130 448525603
208026844 572241001
38716375 679717450
580624854 580624931
11721089 778034583
491197976 491198065
426704066 426704107
382520592 800169507
422254531 422254559
422254406 422254441
653746661 653746680
132590593 561257481
117895006 431861921
237205221 990659431
153022614 814212781
348727607 795366066
626263128 947936625
62750070 411207616
26737311 111532916
980920950 980921003
36177328 167868191
689483965 689484008
314371745 493247645
235335342 543781488
735454492 869962768
262817810 301075078
35947097 853340226
479286015 943346776
382407349 794886162
763235932 763235978
793294578 793294676
491197853 491197947
903419005 903419104
508315019 508315054
188717773 188717781
422254562 422254583
227499943 842421946
698885290 698885356
173708382 717802597
480898140 759216147
526543488 526543549
299270429 299270435
141955220 259522527
84353719 601999102
698885234 698885257
286220962 585323508
780482671 918248318
526930083 526930153
19765083 515148747
422254328 422254355
803774864 998986978
975343731 982123310
78008325 562873884
422254339 422254402
841757939 841758013
14530458 266991029
900429510 900429544
440659025 571042776
757464592 757464691
22331956 315134310
117211280 223862764
396899579 907439896
194628798 194628841
652213278 852873956
422254523 422254613
237039035 906849953
218049136 787305451
422254692 422254735
715655751 944998878
261148616 957967992
139369481 234194693
498337771 606708968
880200767 925157955
89185750 120149705
842978046 842978134
456905637 886662540
140351877 651638381
116048015 889975678
491197769 491197829
358474100 751106245
65236545 275016238
335834739 335834768
422254397 422254411
225042656 225042667
535079218 535079293
585580206 826332081
279150072 279150109
52671399 147219643
720561157 720561235
162415906 916554201
86377550 982426903
77944366 347421969
123579762 701527941
674041498 945921775
422254356 422254384
177903737 368051535
539262537 899327769
34593847 575732231
300443475 576967483
207966945 475187260
21554812 918948334
422254359 422254371
733528484 830288777
465504918 502173694
922324639 922324666
366753111 366753209
361367130 361367168
371250854 371250900
872916538 872916571
695829613 695829671
176479679 891883615
474247270 717663623
919226424 919226466
793294583 793294672
528639704 769272453
279150063 279150106
300577293 540506436
961532823 961532828
860978438 860978524
398438837 901897442
279150092 279150169
467780014 932614506
454646691 572433526
689277331 978918236
395630690 919680497
320231 542355327
829810772 829810776
289889305 693074739
272604782 818884133
634284510 865681234
55665016 660890939
451938407 451938474
400980314 400980386
670041481 670041485
572241002 572241008
410162231 685007565
572241009 572241043
524469931 603325728
422254612 422254681
543338428 543338504
580624855 580624920
77432466 182999979
895155429 939768015
320404649 320404738
9145631 704351234
739186324 739186352
513280767 793713175
909976780 958708612
4733379 508971513
496254295 623766907
705295138 705295180
215133156 215133173
560461764 634453140
957037377 957037477
61824991 513536503
304528567 304528632
422254437 422254518
717688595 717688598
543338587 543338687
555684676 555684706
746639036 746639096
656804499 656804553
335972783 754325509
447236974 447237045
105385636 576178236
790562690 971774496
422254487 422254499
310041032 744381587
58477166 141234997
653746680 653746683
824974455 906368535
100352590 335671909
467754439 727429418
16129738 380130035
422254546 422254580
123576971 123576973
481913157 810243629
624499666 826505672
543338531 543338591
666910214 881302935
900429350 900429414
422254678 422254724
112838439 227651233
422254478 422254538
55625827 812744200
698885234 698885290
640524803 758240453
517784438 517784534
957037268 957037288
313299746 533040985
849976988 927362103
398897391 798354510
921585501 921585592
32663702 794575784
26611164 112077719
144720912 979826060
19979880 137781464
778376021 821555023
935344403 935344459
157246161 576212357
467776057 467776097
133825516 254306650
491823570 491823588
610369646 610369653
255549615 947560996
34300548 721740094
232751278 949493121
580624795 580624850
215975588 713891078
88023751 176862658
479387430 513553949
576178270 576178309
980920957 980921053
620031384 620031479
99234 3988173
422254517 422254616
916373229 916373296
438034235 614219424
237548101 735613498
908995904 908996004
735160383 996035105
106150467 820038742
142112276 218333977
422254364 422254443
193492105 651760338
957037369 957037375
363486831 650332617
434986023 478374972
785618548 893364732
929731499 991319237
633902708 633902768
319915137 319915176
717688608 717688674
580624850 580624856
543338559 543338579
263071314 525439902
623225450 913533490
648891700 698885234
141411321 319721804
162608180 293941333
174236526 982845070
422254441 422254486
242073105 884016547
681359273 681359360
49001571 830045580
447222693 447222733
825987617 825987701
360233168 535066967
582382460 651610337
915323435 915323515
422254442 422254522
600233157 600233198
367622412 620602040
144850682 262730853
268501718 855434492
482954887 605200810
66648633 374249539
716288574 985874780
543338455 543338545
896783323 987223111
91708560 558465750
106927753 463036098
661277084 661277141
77134825 619778112
422254619 422254703
622101327 811040785
919226374 919226415
656563253 768085759
818821914 965827517
779617668 779617677
572241120 572241205
573526955 573526962
436433286 887024947
967580706 967580772
13733697 863540614
864190608 864190673
913610159 913610161
773594375 903406304
572241085 572241162
422254373 422254393
778992145 778992216
153621461 435603056
37968245 37968280
85574297 128528108
15410584 37968245
241051732 910632211
422254436 422254444
509122922 834648988
707631842 865129267
412778029 412778125
67433320 609160709
156123616 324634994
405994581 708286918
613338992 858198564
254437067 883352711
891816457 891816493
491197854 491197914
361367130 361367192
365290330 672921328
587619797 587619884
123576824 123576913
6461616 255356721
21601189 84723810
928904872 928904936
223022480 344696207
399704778 399704853
529058115 529058122
967580821 967580833
753440571 927115112
33569278 632428728
142097568 617568124
916373079 916373133
101833660 771730218
422254402 422254464
275805851 527045154
543338534 543338597
440930109 852375682
967580854 967580902
450789394 719775876
101364587 424786768
980920797 980920876
822122171 894973234
67367703 467776057
335259049 466515638
422254540 422254608
123576866 123576888
90642140 549137717
422254619 422254677
357459525 357459594
285462561 666275174
914356044 966223577
484633236 484633278
48352133 563888386
391929107 391929169
215133043 215133062
347966106 478401414
130572605 959259832
354297169 814474153
103697512 943409225
465241314 854035243
435801997 689348105
793294524 793294583
422254425 422254491
624290793 624290798
829810772 829810828
640745258 669607735
545793096 692767060
317396354 922107012
289849763 822844753
27116286 50405720
279150101 279150167
103757615 500605335
11945189 46430949
88257125 317138414
588761252 696689566
524186620 997308581
422254565 422254602
278911774 836259897
422254506 422254556
51840782 323624424
422254365 422254397
21228556 735310197
862198398 862198427
422254466 422254561
640943651 640943695
379049276 919632056
661277118 661277205
552457 950588337
570953515 570953559
384333558 633902660
615345261 615345264
128699939 140505721
370751054 451103746
422254436 422254484
900429474 900429551
62907144 166377954
422254559 422254571
314033691 331902559
521903742 926694731
140079280 819323308
832704188 981150454
738175195 738175238
422254623 422254657
321764059 936482872
742143897 742143942
734087738 734087807
148359597 801010987
259955119 641320160
864190619 864190637
916373078 916373161
393060825 393060876
862953723 862953731
66753578 171411319
616171693 616171736
61526363 436618809
57103508 751750902
112039690 388756203
422254473 422254502
422254635 422254731
33754298 228307851
81243919 223430052
422254465 422254514
422254456 422254523
793294578 793294586
896313349 896313406
935732239 935732255
16870228 605099365
963072927 970535201
308775150 847771341
503073187 558140896
373673942 957216377
720561157 720561243
348483686 654740367
188717793 188717844
894123525 938076120
715302499 715302543
852433066 852433123
572241057 572241157
605080263 605080337
690482745 918099252
170343546 737830362
215133166 215133199
151202246 275990810
767337157 886813461
270053381 694046480
17105771 116735917
431698633 657815830
543338586 543338589
4694719 50440626
134460779 811559690
242998690 770698059
213490848 213490912
116486593 647129297
91658809 205070013
690721944 849543820
247557287 824685430
336902492 851152130
529058044 529058065
715302407 715302498
308908035 738175194
205481987 974321843
592826964 894293266
919226424 919226467
422254613 422254626
93991386 213957254
793294672 793294749
534398892 811687508
132400708 736511938
78083663 212999620
27688692 628664215
5651492 372554415
543338514 543338550
632259451 788083530
448525660 448525727
192298235 249989051
900429427 900429430
335834739 335834762
306449257 514729048
188717792 188717825
944939939 944940029
448389934 769811980
967957981 967958022
521517506 538679390
491197825 491197846
318192251 363713180
53744682 844952613
195209120 485220716
82760688 538833701
80571694 501891615
53807969 921585445
147850496 585763500
131840833 481499666
653030434 653030516
515704067 515704103
980921071 980921162
118921175 945521119
31687206 489126304
160805900 179302079
193090811 946186471
39234852 426703988
576178236 576178282
660891011 660891031
916373078 916373176
422254372 422254399
66134963 653462290
156318397 761967205
276168775 552322056
699391507 980449762
896313407 896313414
543338588 543338644
32412063 120325463
634639831 634639867
16344068 346642253
81361823 576220392
215132868 215132899
978448495 978448548
900429395 900429473
710270231 979178375
43357840 594000374
241238576 677717869
690036816 690036890
434386978 977850742
752067515 752067600
543338591 543338654
422254504 422254507
112120896 225042656
440220312 633113765
59828710 767679981
472613783 472613872
375405548 407573145
32771510 332637010
45765988 692855898
343521341 891540711
526543407 526543496
89294183 727377469
517784439 517784505
447236829 447236909
883575662 991884846
223060412 403788637
991884847 991884888
417836568 732624455
123576824 123576903
27917833 915419091
444458256 913610098
590396514 727933067
103511802 837607585
980920797 980920896
188265476 188265507
393288389 657240887
738175195 738175219
780975429 967907804
124719818 579682615
538679390 538679425
649027873 889828633
323012021 655287890
772220153 987282093
97989719 888284834
422254488 422254500
408412923 627906082
967580822 967580854
422254579 422254601
599036302 921141052
174332720 379775074
505414732 577046797
19105999 889092731
118413507 852079476
915323500 915323530
64052584 105067520
300100868 406279362
481152234 927408929
428032361 805495739
138019391 902214964
74734724 240573270
145096486 447236829
1418755 436943717
341445376 531226800
967363818 967363846
422254618 422254702
658448666 762096580
354399370 858544508
570282669 820179964
99879573 912446967
25593472 393444886
188717703 188717771
343003173 389303671
321976668 478998200
928904937 928904949
123576903 123576990
82590757 783810067
620697812 706436282
294089865 875727307
540099886 910797826
321743367 908560420
470749233 520367398
831001103 831001148
611292335 888000103
56559815 526172787
630067023 965232104
35288638 987823465
492057891 813084735
122156210 328539558
347421970 347422052
422254464 422254528
422254565 422254588
399653156 992032943
344362983 584446732
600233078 600233124
435898603 682559950
545695507 938436737
576178282 576178364
322213611 916373062
456665592 672814089
535967000 535967040
250061797 568583191
615908098 706503324
54707914 54707983
270277387 424092209
451938331 451938407
316768023 370436208
900429414 900429509
527223720 937319559
398450628 524584117
491197857 491197945
139142095 667465009
893765014 893765088
437411287 579685967
572241193 572241283
202583266 775246716
439712217 439712231
749959598 831001103
254134536 413500500
251554272 716439323
772403165 772403169
206271584 257685825
100750266 942491472
171898006 908905115
157585091 689315320
100495869 949476416
543338468 543338513
217096050 441439329
701527941 701527990
167411700 341861763
422254368 422254459
720407207 720821440
504904184 535473420
28491443 52096460
311697696 911283425
730574460 730574508
89167449 120130206
316794126 452121696
297404666 799495109
355543485 623925029
332385349 861576409
422254472 422254539
336843762 336843801
434385471 900530105
747948453 747948531
732684083 761618837
921585493 921585535
5543362 70310645
78290539 786196719
391436721 797634561
516077953 623880095
198914155 299882067
670289046 924006866
204270445 204270478
65318588 333824089
48358242 949834985
204316269 204316355
688812741 690036729
700542177 893328188
263042215 555684675
3524179 577216815
553218369 803083343
347421969 347422058
84031566 651321469
422254364 422254372
372982788 605621720
634433456 750702723
915323499 915323521
438360170 579491863
679717450 679717534
103364416 453025306
749435132 765371810
296552384 631817945
382959825 684633511
454022264 466833218
512901488 512901558
304528567 304528595
232592115 478719220
198882038 800383565
617186117 695156479
412419586 412419615
222921773 548965422
266991029 266991082
379594965 695528577
387856919 978131234
150584506 227501792
788950850 788950928
477799354 793322037
572241057 572241150
232003191 434614014
908851862 908851898
121636155 696833940
55579120 164596329
175352366 502945712
74933162 196947811
146783098 846099384
308216846 350508846
491197934 491197973
394260339 890030002
576178335 576178369
135122115 379722206
746307916 866810387
88332309 88332392
63421046 139342405
79318440 968556868
210612392 727942521
210508067 491349185
643049456 782469689
881049266 910801057
487147577 832469094
357692487 711231865
418858293 702699613
246462241 663492853
270437559 340701853
430734968 646108308
833300331 999400645
6357211 128143287
35512541 906220932
422254517 422254590
154477993 622928882
83841073 912347644
524584118 524584212
422254682 422254710
903418931 903419017
587743530 587743613
280077284 366834205
455831875 455831890
542454126 697535835
130842014 259672079
379820146 643699025
19613492 850217261
661277035 661277106
584730233 653216506
636937791 636937820
517784534 517784624
498516269 701684523
807659355 807659438
551242997 937090410
463208307 985482851
422254379 422254410
900429403 900429427
192755856 634053717
422254450 422254519
622857377 801167461
993459354 993459365
484633341 484633381
346218360 408222338
146949163 491197769
856042134 860621092
57340871 140668996
579434525 986347907
491197770 491197791
967580834 967580921
314409731 876916430
815420659 987240903
816279038 930557994
107156459 507343893
31783655 549845726
411531520 741205881
121210103 244953408
422254487 422254576
872916589 872916680
685507945 685507954
82544473 684524561
610369585 610369599
29268673 412094196
351961500 353948924
815328360 815328421
279150055 279150085
539396606 746434901
543338587 543338642
218371939 218371960
345348120 482865823
838099050 963765730
244482979 847128006
538078171 776667640
35593512 282232567
526490494 672898092
646030816 959753009
136211633 434910573
646617747 646617764
371873664 371873732
197721989 376182956
276931692 555806535
121411596 364088158
428911343 770400387
239123584 910592949
119027535 421401716
133473610 709455690
896137087 988886483
195216295 407602158
383360889 473495098
576178270 576178367
387310109 846536641
422254532 422254593
391134177 636554254
961936025 974280245
543338609 543338706
40768369 961865820
543338533 543338544
594998809 594998859
444932309 444932356
605080337 605080373
278539090 961154997
422254584 422254604
490252031 811540245
250060205 707752840
422254659 422254677
123576975 123577036
88450194 219835915
258614702 925399163
81259896 990286704
451938332 451938371
910592972 910592986
903418903 903418944
422254362 422254364
279150168 279150204
656804508 656804544
195790040 974858179
123576914 123576970
132110599 320107910
587619796 587619883
68600176 476377014
109475704 114833053
403508128 490426906
422254617 422254623
422677492 829429104
633902894 633902953
422254409 422254414
918099253 918099261
185532998 854110122
422254618 422254623
99235191 254569705
233107747 351912577
27156733 347775102
557098542 901814744
214516150 433969730
383320790 635764051
248493467 577547612
792584915 792584996
153522189 324720770
623393969 904471526
43983506 47884445
656512321 921276146
82764848 534110520
841757938 841758014
78998638 100846211
133057045 470403167
422254859 422254873
234358852 672839659
119802208 465058346
872916548 872916634
278558046 351253109
192627988 750374808
128449299 364093441
374194320 794127734
571777334 647908754
422254466 422254532
616171736 616171817
138002585 274963860
467776064 467776116
742430828 742430845
9688312 747542858
871088204 871088283
608197494 789928575
515085164 927082666
922324568 922324639
14968795 51456644
248858223 927433986
422254607 422254666
750374865 750374933
967580725 967580741
117559699 343809915
997396150 997396246
979178389 979178466
676205641 852482437
980920906 980920920
916373287 916373357
772402975 772403053
991884888 991884947
222596607 576123824
993459259 993459299
466157949 466158047
89739989 296989081
312364165 603040131
733328475 812343533
470335368 751563507
862198335 862198365
322964991 368954422
8589327 243731311
825987538 825987552
466409941 586160784
263526707 673903755
239533243 995732777
677516806 677516874
19464080 68071847
405344212 944939938
783282600 809469077
783810132 783810219
852746782 886590622
685507945 685507980
537119983 675174851
285470246 989875645
448525603 448525690
957037370 957037392
422254440 422254521
452205414 711114420
320880138 821886060
220771180 845232115
627421834 760820160
491198053 491198123
308362933 575350637
336353223 336353259
633902877 633902931
94217788 282549354
313081398 313081456
488613132 488613135
656804419 656804507
37546218 150991749
109668476 612487831
697619049 709474524
744570976 746639036
5696504 284733428
656804500 656804545
819285661 857676347
254646037 762048333
284066951 534215227
43422400 556920955
491197869 491197949
242768040 366753111
