200
18 64
10 59
47 79
24 72
29 97
55 69
28 54
16 48
15 53
40 93
51 64
39 80
86 93
44 52
71 96
19 80
20 44
24 92
68 71
16 38
22 56
11 70
0 42
60 100
49 52
39 64
81 92
8 20
72 99
0 10
64 96
60 73
19 71
30 87
63 95
3 74
28 92
76 95
9 32
25 68
86 92
33 53
71 90
85 100
10 29
36 81
79 89
30 51
46 56
16 40
2 58
4 27
14 81
22 94
79 90
35 85
8 38
82 94
7 51
10 51
85 89
18 33
42 52
31 49
9 17
7 31
29 56
5 36
62 69
39 84
83 86
58 100
14 79
9 35
3 59
6 77
33 45
0 72
8 9
12 17
3 96
11 75
29 58
90 91
71 84
7 11
6 16
31 78
81 95
33 100
23 41
57 99
53 57
33 86
27 87
10 39
89 96
21 50
11 41
17 87
1 74
17 95
10 61
10 75
13 59
68 89
10 24
11 67
19 85
17 85
55 84
63 76
5 7
27 79
27 94
24 62
12 98
44 87
34 67
43 77
4 42
18 54
23 86
65 95
18 69
46 52
14 75
64 99
29 100
7 95
7 16
27 41
43 81
1 68
23 46
50 55
21 34
83 100
52 57
17 54
41 81
76 78
66 88
22 87
66 89
26 45
74 96
9 75
9 22
23 41
31 42
71 96
40 97
31 39
33 84
28 75
54 99
29 80
57 74
0 100
26 89
38 67
19 93
27 87
63 80
84 95
81 92
58 95
70 90
22 94
28 61
80 100
54 79
14 54
56 74
1 61
45 99
37 64
74 88
5 62
64 83
72 78
27 29
28 64
44 85
74 83
36 78
55 99
19 20
16 97
38 87
60 77
34 58
9 77
75 85
78 79
18 32
61 82
33 62
37 54
