1000
74 96
6 99
57 99
59 84
4 85
51 86
3 87
25 56
51 73
21 66
33 72
65 80
18 88
5 47
0 35
5 70
12 100
58 74
22 99
22 88
47 69
88 95
24 66
64 81
40 96
6 22
5 39
60 87
65 79
38 65
63 97
1 51
52 77
78 84
32 90
42 45
60 71
24 75
17 85
18 28
52 60
46 87
80 95
19 80
40 100
12 78
20 29
76 94
12 53
2 94
81 95
15 97
23 83
17 27
0 35
31 84
50 65
5 58
16 70
2 97
62 74
66 88
57 84
26 50
80 81
43 75
4 68
60 62
82 95
8 41
9 27
4 45
36 73
2 90
61 97
22 54
9 93
47 96
51 63
32 71
23 80
42 67
1 76
75 98
36 44
54 81
8 71
76 87
6 73
44 94
12 78
13 94
51 92
0 95
6 37
36 69
37 57
62 70
3 66
11 94
35 55
97 98
10 73
33 72
58 96
55 84
51 82
68 75
70 77
60 88
39 92
5 64
25 93
55 90
24 78
58 65
31 58
1 57
11 76
32 95
34 36
20 71
30 74
19 98
30 96
42 59
17 89
0 79
35 40
11 92
33 64
18 21
82 100
70 88
8 100
40 79
87 89
76 84
35 87
1 46
91 92
53 75
9 88
28 69
29 62
7 10
49 82
95 100
69 87
33 81
39 94
74 79
0 94
6 31
39 55
26 48
28 35
4 53
27 38
68 87
33 41
40 56
40 83
42 65
70 76
15 46
6 92
19 74
70 80
26 46
13 16
11 87
51 71
14 15
22 96
29 93
13 45
54 84
7 82
79 98
10 48
8 92
28 62
30 67
30 80
19 56
13 52
72 89
58 83
23 91
49 76
50 91
79 87
25 64
72 95
2 14
63 70
5 95
41 88
62 73
94 100
44 87
23 37
6 82
83 94
23 92
37 82
30 73
70 90
27 29
68 75
28 77
0 31
47 96
44 83
9 59
54 68
64 93
16 58
53 81
87 95
21 52
42 66
3 78
33 89
35 75
59 95
6 30
14 91
34 95
19 21
34 76
20 55
73 86
25 57
53 95
78 80
30 92
5 39
44 84
34 36
54 97
38 76
74 99
33 82
74 77
27 78
9 96
20 99
29 37
51 92
45 55
21 60
16 55
25 97
46 92
45 98
9 60
13 99
3 39
30 84
64 70
17 63
49 78
54 59
64 88
38 62
76 97
20 90
14 88
14 81
5 31
39 67
35 85
44 78
1 16
44 80
13 19
66 70
26 70
21 94
21 76
33 50
76 87
36 85
16 69
19 86
5 86
28 46
74 89
34 39
52 81
30 53
7 81
19 52
11 62
2 89
23 34
38 53
59 69
10 82
32 95
44 62
18 52
24 27
15 74
57 84
60 78
0 42
33 98
1 61
31 76
61 64
63 71
36 80
2 74
59 75
26 94
50 61
38 68
4 76
39 86
31 43
11 39
9 64
2 25
70 75
85 95
2 60
33 52
49 59
9 13
38 82
9 23
29 55
20 71
44 85
15 57
8 46
5 25
34 42
67 94
36 100
1 90
49 83
0 77
28 90
18 52
32 69
44 51
65 66
21 65
16 42
68 85
36 83
57 88
14 35
7 95
15 89
25 55
12 28
1 57
7 24
90 93
14 63
10 69
17 50
18 50
1 3
46 96
48 82
6 51
33 84
83 99
19 73
10 51
32 93
10 51
32 69
13 25
45 69
23 54
44 77
14 71
19 61
35 89
71 83
85 99
78 87
56 85
14 55
32 82
35 69
85 93
79 85
83 87
8 67
23 34
16 97
14 71
52 71
44 63
43 69
50 69
43 59
10 75
29 49
38 92
13 80
38 56
7 19
19 33
57 84
46 93
87 100
50 67
12 24
44 53
7 51
30 86
11 74
33 83
9 64
6 94
20 28
1 62
37 73
37 96
68 98
7 86
26 32
58 92
3 84
3 10
42 51
64 95
75 86
72 76
23 94
45 85
54 68
43 99
70 71
10 52
2 32
53 84
6 33
96 97
73 97
9 10
35 83
9 63
42 61
62 87
53 81
54 69
50 59
6 9
46 94
70 95
69 85
44 51
0 41
78 98
85 99
42 93
40 47
70 85
3 59
59 100
65 92
1 46
61 96
27 67
0 6
33 37
40 90
9 37
10 68
69 92
48 68
68 100
17 83
81 95
15 58
25 94
56 82
62 74
56 86
30 75
3 19
15 86
79 88
11 52
0 60
3 89
65 81
46 76
63 70
30 93
8 45
46 64
34 97
25 55
37 94
6 29
34 92
69 90
34 37
47 91
20 60
88 93
67 73
58 86
22 72
75 93
13 43
56 94
42 63
82 88
2 66
20 97
41 95
41 63
24 82
2 14
33 42
55 62
19 20
53 75
12 47
8 9
54 61
29 42
53 87
37 63
50 96
8 37
25 42
50 95
84 97
3 30
21 31
10 18
53 97
11 30
67 75
36 96
43 92
5 83
19 46
30 97
10 31
59 78
73 77
53 93
5 90
48 80
2 36
44 80
13 91
15 70
53 68
40 62
1 83
40 65
7 68
19 85
51 78
14 71
16 21
4 50
16 29
70 96
79 92
37 57
18 69
37 42
5 62
87 96
67 99
57 73
2 34
15 67
30 65
48 49
58 76
1 12
26 94
61 65
53 68
57 60
11 83
90 99
6 39
25 61
14 61
37 79
3 96
47 100
3 32
7 50
59 75
0 18
50 87
21 28
16 48
34 63
73 83
69 79
6 94
76 78
34 42
77 99
71 82
29 52
3 20
44 45
47 71
31 67
57 78
52 55
13 77
72 79
54 97
30 92
53 88
4 15
72 84
48 97
43 70
51 80
13 68
15 32
26 72
27 72
23 93
55 81
34 64
57 59
47 68
24 86
24 67
76 81
61 80
8 14
15 87
82 90
53 91
54 86
68 71
2 60
27 58
16 45
79 81
16 72
0 93
20 34
15 20
64 69
39 66
77 83
7 32
61 89
3 78
19 48
15 48
50 97
37 67
15 27
49 77
3 24
19 68
6 55
71 87
26 85
3 69
31 89
10 77
66 94
8 83
27 82
27 82
2 97
20 100
55 82
53 67
35 90
6 60
41 53
47 54
44 58
47 53
3 52
19 85
26 39
8 55
0 83
20 90
5 13
36 87
21 45
18 34
14 62
14 88
24 72
1 13
21 64
52 83
21 92
45 91
24 32
80 96
3 33
12 31
49 68
27 73
13 48
24 71
5 70
12 33
54 70
30 33
82 87
56 80
14 41
16 87
30 76
15 41
68 96
57 99
56 84
2 40
26 82
26 97
79 96
5 18
12 39
3 44
92 100
24 26
3 30
33 70
21 50
8 84
28 32
43 90
7 41
8 32
4 61
40 83
44 52
33 64
12 32
53 73
12 46
4 28
35 65
24 37
16 24
70 75
91 97
46 59
1 80
5 65
63 91
65 75
17 77
50 59
2 15
2 87
31 75
40 87
26 60
63 93
30 38
28 49
3 13
11 91
3 61
59 63
67 97
68 69
15 87
64 71
10 17
43 54
27 44
48 97
3 63
39 52
16 44
13 88
32 99
1 10
62 76
62 82
42 90
79 92
13 62
8 19
66 95
22 24
51 68
24 88
19 89
13 84
34 83
43 45
15 33
1 73
85 86
7 69
22 27
20 54
31 51
12 90
60 73
2 96
0 71
32 59
44 81
58 60
9 24
3 12
51 65
13 36
19 34
4 13
24 36
70 92
34 58
14 34
69 94
4 17
18 56
31 85
79 98
21 91
52 98
64 77
10 48
42 46
80 100
33 43
46 47
73 98
25 32
15 26
69 82
48 88
44 91
8 33
30 62
2 37
64 100
55 82
11 16
59 71
30 83
28 91
17 34
20 47
21 85
42 59
1 92
73 87
44 85
5 80
4 41
2 61
19 33
11 81
27 51
41 42
23 36
32 62
60 88
35 99
11 48
80 83
48 78
28 44
3 21
17 55
15 100
50 67
6 14
40 76
71 73
9 47
0 97
93 94
45 72
21 37
24 28
83 84
73 86
53 85
24 65
10 83
10 20
39 71
7 68
35 81
98 100
30 54
9 24
55 87
1 85
44 68
44 98
36 95
1 63
44 78
21 22
45 95
58 91
60 65
39 52
12 17
47 87
34 43
29 63
4 68
35 37
63 97
43 63
60 84
15 75
62 88
47 69
17 47
20 72
67 94
14 71
28 61
14 48
11 31
24 74
29 31
19 89
28 87
16 61
11 27
35 77
36 57
20 45
5 37
24 99
80 87
19 52
5 42
41 47
17 77
75 81
38 49
44 66
29 39
74 86
9 49
27 94
36 75
61 62
13 65
5 72
1 16
7 22
35 50
11 72
27 72
6 14
25 52
13 42
13 21
63 85
88 90
44 79
50 74
58 64
19 90
26 70
27 83
4 89
69 70
69 94
20 35
37 86
14 92
17 51
7 79
56 94
61 98
27 86
70 78
35 85
22 48
27 36
13 89
35 80
