5000
196 640
118 488
7 612
806 861
877 962
77 238
373 975
602 628
717 742
652 694
850 899
361 367
587 627
468 892
425 507
590 678
568 571
250 366
425 939
535 620
395 978
944 978
74 121
284 817
213 289
695 767
268 911
69 828
478 994
606 748
301 384
433 676
683 785
928 1000
520 573
868 890
746 827
34 366
684 745
394 783
146 155
534 555
548 612
516 536
304 909
199 875
237 746
962 976
43 58
377 829
620 904
330 437
783 863
280 810
427 705
41 328
229 563
534 899
69 410
15 34
353 434
377 636
634 924
358 425
748 849
577 631
817 892
101 300
29 560
127 816
437 463
691 771
434 815
44 224
465 546
390 953
794 847
800 899
344 835
629 687
901 940
775 871
545 572
844 902
902 977
749 891
83 242
266 562
146 537
939 967
60 689
678 712
364 885
37 420
508 776
54 137
365 984
302 562
92 539
284 829
362 676
572 623
403 754
448 894
855 951
38 749
527 858
879 909
794 873
305 361
23 836
478 767
371 414
527 583
542 604
414 913
286 362
284 368
223 258
383 720
31 409
605 613
442 514
270 509
330 351
919 926
26 83
0 920
850 901
415 720
661 707
667 926
895 947
909 925
760 811
215 223
65 127
625 654
806 956
403 996
133 852
159 651
864 951
676 828
251 913
309 773
128 517
578 596
803 875
178 939
337 885
661 725
228 847
946 963
635 836
247 335
775 777
149 831
537 825
705 827
780 841
163 802
850 908
268 370
797 802
161 413
725 803
223 285
13 252
317 944
52 936
824 848
724 823
658 753
447 591
120 996
402 816
567 601
632 675
390 941
183 736
5 522
360 758
687 767
558 592
627 851
481 976
748 795
903 915
521 998
394 450
193 961
700 790
30 500
47 272
335 419
350 770
889 897
284 439
236 940
720 773
884 892
453 482
433 498
46 974
356 393
177 370
586 815
386 588
537 740
508 791
328 462
528 556
261 393
468 510
926 983
851 888
938 991
691 783
972 989
356 372
123 154
12 475
87 238
933 977
302 807
573 940
16 728
113 901
60 84
211 880
876 893
548 577
867 985
510 951
930 938
365 657
167 423
495 496
574 798
793 901
645 745
139 145
407 667
577 853
547 779
622 666
777 877
432 494
736 744
982 985
249 953
566 762
864 876
799 866
288 309
26 462
71 251
500 538
511 648
209 734
905 967
801 835
666 726
212 350
621 625
116 208
365 600
276 331
13 922
107 665
453 546
538 751
409 477
119 317
942 988
273 687
182 418
199 923
204 856
211 704
214 766
218 537
782 785
792 863
138 165
531 584
905 912
797 834
298 500
612 676
535 619
345 374
315 962
187 603
496 524
780 864
800 851
865 939
431 589
158 786
58 705
781 862
375 394
35 976
898 984
834 907
247 400
55 404
850 915
666 720
794 801
607 685
674 712
322 390
832 875
374 739
675 775
204 458
620 758
773 792
804 913
93 223
572 607
797 848
868 873
2 528
670 699
214 974
444 489
821 824
32 812
95 298
676 737
277 990
25 436
174 610
369 855
864 890
578 760
703 712
382 426
709 746
178 960
370 372
581 823
611 767
327 808
945 972
69 833
602 650
234 723
370 386
647 663
619 669
983 987
684 706
869 914
24 871
222 406
735 795
595 665
731 777
544 730
98 765
764 790
519 924
916 942
900 958
661 746
807 876
416 968
693 868
726 927
839 857
228 802
876 911
28 163
143 391
57 584
734 762
540 611
370 840
454 468
249 379
271 393
414 491
815 867
253 387
694 727
828 842
795 797
320 674
381 981
859 921
388 860
565 637
408 466
882 969
800 886
120 987
531 695
376 390
736 747
679 720
650 695
169 658
877 944
177 251
474 838
937 946
347 776
209 519
81 735
593 689
880 940
787 862
344 372
446 802
588 611
334 501
567 812
9 716
153 663
173 711
179 533
331 767
576 643
599 634
271 490
729 857
113 213
916 936
49 748
50 393
179 1000
344 588
690 767
733 822
517 545
692 729
218 661
331 782
177 1000
548 727
917 988
295 601
195 655
494 860
38 924
190 864
331 892
267 726
729 764
734 776
892 939
495 647
378 535
280 454
883 934
633 929
362 408
62 703
545 548
289 305
529 641
820 869
349 478
601 726
355 994
402 791
769 851
889 975
716 924
249 534
851 948
376 378
452 463
552 602
212 351
540 874
194 548
568 847
843 883
584 965
776 779
665 741
672 715
462 595
234 547
901 919
370 829
896 956
326 824
620 953
220 825
885 924
416 447
933 941
226 585
692 735
196 664
253 460
700 765
392 455
615 630
684 703
604 684
93 812
966 987
49 218
967 987
366 670
716 917
82 450
814 887
775 861
249 891
494 583
438 519
583 982
78 792
319 829
353 791
886 895
411 425
458 490
189 673
96 539
346 446
69 80
37 850
230 330
175 877
70 579
694 926
408 832
314 902
317 545
277 357
15 767
192 308
756 758
474 774
77 943
279 631
852 871
38 223
552 955
814 926
723 835
56 778
150 980
12 788
41 134
547 618
454 633
982 998
822 953
635 733
10 797
806 851
468 688
900 984
398 629
251 502
908 973
137 678
827 855
57 324
103 339
520 582
989 999
152 724
40 597
567 636
715 963
473 538
47 194
72 364
542 576
103 446
108 545
185 793
458 523
413 451
384 608
588 636
194 834
352 400
537 568
854 907
469 476
72 903
877 899
339 724
105 743
322 356
400 571
119 406
239 513
37 476
539 629
473 632
410 444
309 498
607 961
872 964
842 901
335 475
285 845
201 534
316 441
73 277
9 145
302 325
699 728
148 404
594 638
372 467
243 307
828 918
610 627
73 425
241 988
139 738
242 960
904 991
447 487
895 979
937 987
870 922
309 405
825 845
697 716
426 507
369 529
338 898
133 865
467 507
620 666
706 749
396 507
501 600
570 591
518 550
671 744
790 803
343 931
63 258
844 940
550 650
759 793
493 505
577 962
62 839
590 667
683 728
923 975
364 386
734 771
127 874
587 641
558 576
191 239
219 777
904 971
922 980
87 545
410 585
398 650
39 119
766 835
589 608
879 919
492 502
533 559
944 956
385 716
617 800
340 475
500 525
607 675
57 409
20 717
563 592
919 949
867 977
515 721
814 984
34 764
364 655
329 628
795 821
591 682
378 754
533 548
976 982
438 555
591 643
191 986
883 955
574 661
874 892
795 861
569 621
626 816
368 434
437 581
748 782
516 542
777 800
30 233
267 342
322 808
829 878
496 557
104 793
876 942
612 618
456 765
555 974
535 581
104 633
833 876
549 645
688 964
418 692
297 729
214 906
794 838
728 816
8 271
419 501
612 633
74 222
748 783
122 950
646 736
700 723
165 974
137 218
69 935
37 887
851 912
193 260
910 980
516 946
754 839
303 934
551 807
85 155
255 535
598 613
969 972
114 509
796 862
185 824
12 876
266 971
456 513
749 907
856 937
597 678
215 729
773 859
150 220
353 442
712 798
343 789
139 464
544 609
537 589
167 876
231 708
385 418
483 697
288 353
29 868
246 463
882 899
399 469
116 174
645 774
796 842
735 742
394 666
518 792
12 154
886 911
228 586
598 739
645 674
564 624
944 947
587 975
279 911
881 974
116 812
482 504
38 669
164 915
577 982
287 334
727 814
698 799
296 419
84 212
567 904
367 458
373 684
950 992
261 862
630 658
500 982
473 525
520 639
79 412
498 525
258 305
666 941
308 337
654 963
112 324
613 628
173 229
646 681
800 886
448 485
152 774
666 718
762 868
312 378
878 961
357 546
646 691
619 693
536 742
494 821
852 877
23 150
229 498
441 931
56 651
45 592
125 185
82 694
357 369
448 465
518 992
704 910
705 795
462 478
959 962
856 877
60 868
509 734
109 541
415 494
279 662
704 796
317 354
899 910
69 484
454 531
133 580
300 393
602 643
174 300
20 531
176 604
496 502
441 906
493 878
272 361
101 560
152 921
950 956
170 968
920 925
956 979
916 958
732 767
4 576
151 335
611 665
663 685
939 976
262 982
94 454
918 996
891 969
521 603
642 733
699 758
657 885
363 529
829 909
915 993
521 701
649 713
298 619
279 320
900 975
401 410
665 679
166 372
47 155
119 124
115 742
537 752
136 698
197 623
158 454
38 458
287 868
611 616
56 215
565 613
384 425
379 755
838 870
774 826
100 424
114 304
262 746
448 529
765 958
589 635
568 591
686 787
2 623
1 228
923 942
234 509
577 599
263 486
798 983
753 791
729 810
502 562
443 825
286 326
511 671
248 449
572 580
57 780
639 705
789 807
626 955
486 867
40 575
492 551
469 966
805 810
844 915
313 859
830 838
884 953
276 297
733 749
106 771
915 958
221 536
881 905
827 875
861 937
328 891
767 780
359 898
88 905
789 933
829 982
491 942
746 790
414 481
246 520
414 488
819 863
9 439
97 161
108 688
380 579
676 717
901 946
680 690
649 681
217 513
646 744
976 990
476 716
440 470
46 137
30 718
526 604
861 929
319 838
771 984
701 1000
529 729
962 983
82 604
476 536
39 463
513 584
441 833
864 985
552 818
396 942
155 409
273 452
568 667
878 894
518 827
88 976
262 810
351 843
763 824
331 618
194 383
398 477
19 503
787 814
154 994
837 890
478 728
133 454
505 522
824 872
192 552
763 776
632 697
844 901
366 801
129 617
73 407
896 964
226 883
803 836
702 770
538 890
228 234
297 600
204 404
426 733
471 655
613 637
669 694
666 764
605 828
420 493
311 413
549 575
938 998
71 391
19 149
536 622
415 519
586 769
334 633
375 954
232 647
594 620
48 286
389 637
797 875
337 847
99 696
827 905
201 412
130 190
826 973
84 455
900 989
48 243
890 951
387 895
594 620
595 935
363 376
794 871
352 385
500 538
85 318
817 902
178 496
265 818
127 921
58 314
363 663
794 882
883 911
303 422
480 659
487 952
406 884
882 938
111 436
590 671
147 277
449 535
413 437
623 667
291 691
473 683
400 684
820 867
875 897
663 754
251 453
311 520
92 652
703 773
341 368
619 647
10 529
859 920
729 769
386 395
702 726
574 823
424 812
462 573
788 932
852 946
575 928
556 558
846 927
181 875
304 357
141 854
206 591
117 517
479 640
605 684
916 928
245 657
233 279
285 389
172 474
20 446
147 384
797 880
931 940
207 710
587 676
579 660
144 223
281 467
552 746
695 964
427 941
939 957
408 992
416 529
353 996
513 578
567 646
501 562
882 897
698 735
693 750
98 583
277 918
191 226
758 876
762 798
466 797
486 580
122 842
89 904
908 957
270 950
539 694
646 740
404 679
794 830
240 474
874 959
8 608
515 530
117 154
568 607
351 438
359 413
527 533
576 799
93 167
829 891
561 660
874 957
814 820
815 827
610 922
50 973
247 356
413 607
134 217
802 899
173 531
577 635
326 350
475 695
287 646
515 559
963 976
794 834
859 872
864 875
420 550
126 662
247 823
454 538
558 734
869 897
922 970
852 870
61 125
706 717
320 514
796 824
428 541
782 932
294 371
175 628
766 848
860 898
19 621
482 575
313 554
420 452
344 701
879 900
611 756
451 540
420 583
608 662
434 490
507 964
799 845
404 469
723 772
323 718
571 612
91 415
204 391
350 929
415 419
57 680
860 922
443 666
911 982
335 918
64 735
245 342
173 782
152 760
926 980
386 939
744 855
692 833
94 844
178 226
481 760
182 700
545 574
57 909
35 197
408 478
323 341
517 609
888 952
24 258
750 809
631 668
17 291
730 952
595 672
487 501
974 987
938 1000
430 518
444 974
101 413
731 995
782 862
146 376
150 991
52 803
902 988
488 497
542 589
88 632
569 796
626 811
167 863
110 925
227 450
839 872
641 867
295 840
574 891
909 966
78 758
867 954
702 957
136 911
595 665
505 684
940 967
705 899
136 214
571 650
203 272
889 997
2 184
546 887
174 237
378 939
339 360
395 489
656 905
371 394
557 917
516 897
74 452
588 684
806 885
951 973
767 973
844 886
432 509
368 542
897 952
535 581
152 470
87 654
260 325
650 654
531 584
36 42
376 427
654 826
508 515
746 817
214 901
604 948
924 969
889 973
233 345
828 909
773 785
650 712
468 772
379 715
257 792
600 676
353 642
203 827
366 423
657 701
251 655
383 549
843 859
52 117
261 513
823 882
103 997
358 446
284 954
948 955
39 481
726 765
330 399
827 916
107 613
273 338
184 555
289 361
436 763
448 635
916 997
586 845
239 314
55 844
460 512
940 945
168 428
706 728
330 406
450 569
75 632
348 384
887 983
376 795
307 402
482 952
149 783
257 901
285 368
390 992
488 520
514 582
31 952
668 927
57 491
543 623
329 873
484 548
282 993
972 983
558 649
916 970
653 786
368 745
8 485
734 817
748 788
885 976
24 413
956 995
676 681
881 938
851 978
738 834
707 955
254 519
277 940
322 406
8 248
968 980
471 966
79 875
512 602
482 501
105 760
908 990
734 759
322 582
232 279
309 379
700 971
973 974
336 415
179 958
104 250
712 745
643 693
294 689
766 832
402 461
855 896
726 774
439 565
55 230
727 770
369 421
181 285
303 495
506 536
917 948
30 664
329 506
454 981
133 810
208 227
254 871
248 413
36 893
85 903
375 652
192 900
592 671
385 915
26 559
255 981
507 701
80 502
68 923
497 561
84 457
645 888
781 811
569 590
126 863
666 903
380 799
429 661
533 577
131 456
917 921
749 913
818 862
376 470
368 988
904 963
525 917
49 55
48 120
725 797
919 925
773 843
874 961
417 439
673 784
520 747
513 697
617 678
231 888
309 408
626 630
243 355
768 820
155 367
312 390
344 360
878 929
687 708
861 908
17 924
119 610
346 408
390 875
918 996
451 926
359 443
120 295
613 633
240 250
273 622
203 396
209 927
240 370
909 973
849 928
216 730
3 61
151 673
450 588
554 611
803 806
396 875
859 882
850 880
185 573
529 541
152 353
69 376
77 953
210 541
540 621
264 318
515 940
541 602
558 644
298 731
963 964
537 831
416 834
817 881
839 850
473 507
479 662
519 783
421 444
844 891
750 790
812 870
525 601
924 952
20 223
48 885
313 402
595 873
272 370
775 803
445 622
57 954
270 912
700 728
399 429
583 663
293 477
18 591
717 772
330 777
591 628
586 937
557 655
655 682
744 829
303 592
614 644
672 999
491 926
392 418
123 848
844 899
184 818
826 922
19 712
675 752
169 720
180 821
255 349
547 645
463 633
870 905
11 234
731 931
523 560
157 711
473 531
157 763
553 803
11 865
772 987
770 817
527 593
402 685
493 980
224 496
819 879
641 692
349 788
209 911
149 281
944 973
874 944
668 708
146 847
498 865
133 795
77 117
145 297
296 632
133 220
372 545
29 191
437 641
86 300
876 960
759 808
365 423
205 494
339 935
16 253
272 917
706 714
833 895
160 191
512 678
179 475
944 989
27 538
734 773
294 445
394 742
581 601
641 740
295 826
224 719
590 950
528 530
536 830
450 525
520 926
46 158
157 453
298 323
806 828
944 968
38 217
86 666
285 962
208 233
457 935
135 257
440 520
847 871
172 298
41 121
15 165
571 810
505 769
666 796
754 782
430 976
877 962
836 853
3 750
460 543
637 645
73 221
749 782
99 950
548 913
85 490
473 902
581 609
652 944
127 897
8 240
384 516
904 953
581 832
747 828
266 824
100 152
27 275
501 516
153 661
632 651
583 648
2 419
382 706
83 422
364 810
118 214
31 666
94 397
393 450
276 287
448 743
488 519
122 767
791 877
697 780
583 864
277 436
911 984
559 631
497 552
913 984
86 541
548 622
414 420
22 135
288 369
868 890
270 925
151 704
133 711
795 885
420 422
12 15
251 372
60 149
573 773
615 664
550 939
638 764
237 832
421 556
78 876
477 574
683 769
408 917
251 955
847 857
902 919
532 747
448 464
447 865
355 420
374 534
709 731
36 387
94 307
15 827
831 880
253 813
198 222
923 995
544 815
423 482
299 346
414 875
399 605
69 293
559 964
530 783
9 676
646 733
667 716
631 794
796 887
401 693
130 471
300 876
154 633
487 991
545 558
23 512
744 828
431 488
413 427
844 859
99 798
635 955
516 538
831 864
475 587
152 594
7 578
869 925
884 978
711 775
931 966
65 601
268 595
31 298
69 647
486 621
96 637
546 644
42 379
922 979
864 923
607 785
174 470
333 586
74 930
861 882
394 491
771 818
391 442
6 930
766 814
802 882
633 719
170 682
934 982
508 936
655 735
223 438
271 993
377 379
383 420
630 659
333 943
571 595
306 488
929 954
474 876
541 715
692 778
703 766
823 901
87 990
805 850
387 479
21 698
749 767
587 622
487 563
59 337
143 315
291 888
727 774
194 508
248 249
166 303
391 413
579 727
564 648
513 768
169 701
208 421
235 278
813 820
502 585
271 479
820 951
598 650
189 685
169 404
387 480
237 843
656 786
416 572
730 838
542 545
273 351
318 460
251 663
211 707
355 432
420 463
601 638
0 61
506 550
461 651
85 954
893 925
226 737
74 579
424 916
30 431
541 577
865 899
496 533
282 295
477 806
648 858
944 965
319 365
794 887
696 702
9 644
912 1000
731 822
333 778
41 757
773 799
382 754
319 790
268 647
477 538
197 417
307 703
836 921
470 617
331 946
213 214
728 747
730 767
3 357
189 212
204 411
667 767
839 845
448 510
104 866
583 819
568 603
669 884
694 744
900 904
563 592
488 586
877 884
759 836
788 918
453 505
530 978
591 734
285 627
794 865
259 329
903 972
741 971
795 885
612 690
346 519
138 805
967 989
12 512
180 643
286 989
706 738
19 223
120 247
487 584
681 890
64 534
573 688
603 702
495 592
875 884
37 259
820 839
767 939
554 928
209 693
283 785
157 691
490 517
544 594
312 502
90 590
362 510
67 135
161 183
253 968
100 494
584 597
82 703
939 943
656 729
700 732
393 432
177 337
26 605
698 724
967 982
281 904
15 705
70 515
143 244
709 759
940 997
699 760
178 236
248 841
480 808
884 914
610 756
314 586
797 832
324 946
214 273
725 781
594 609
719 740
493 714
489 520
505 553
538 615
697 729
710 900
61 408
457 545
287 733
709 895
61 513
690 768
381 821
493 552
62 617
343 891
492 842
602 680
11 825
267 431
619 677
547 835
534 541
651 786
139 980
691 982
328 585
745 829
849 859
791 864
327 660
173 656
749 765
295 782
438 490
320 439
855 890
527 671
39 335
175 585
75 858
371 643
36 892
561 805
740 922
759 783
306 347
503 523
828 849
485 840
290 292
178 481
844 880
251 937
764 862
202 725
273 279
720 870
285 765
958 993
874 879
398 451
807 943
471 982
782 872
808 840
116 344
417 485
409 501
362 975
545 963
535 741
48 706
937 987
631 673
493 933
97 881
470 752
609 733
878 943
786 861
330 568
678 744
615 688
313 328
215 434
760 885
218 610
271 591
932 936
828 878
396 589
936 968
687 877
281 855
755 839
424 695
209 921
676 766
266 395
24 420
358 948
398 945
6 824
669 680
367 985
659 845
355 670
26 323
589 662
853 911
28 356
911 999
957 970
307 568
209 465
324 693
576 602
16 539
274 754
3 199
659 983
855 924
410 451
406 464
917 983
797 869
810 1000
675 717
248 344
128 603
98 865
219 342
731 738
100 925
582 584
602 642
719 786
736 828
866 923
963 990
911 979
732 774
855 897
399 871
820 903
543 549
562 862
798 954
422 524
436 780
72 153
692 983
677 771
347 961
719 792
723 736
601 694
194 216
7 403
490 638
768 974
326 718
275 964
555 592
240 890
492 535
489 748
214 309
267 417
745 768
632 963
245 271
903 924
31 700
450 963
109 664
107 586
264 279
119 973
448 945
706 997
294 713
79 457
305 671
431 525
224 610
291 868
450 480
304 988
530 564
428 691
636 971
276 911
317 559
443 530
26 473
633 719
545 721
713 772
505 926
141 909
698 773
868 884
645 692
148 761
333 411
43 844
138 758
411 921
179 751
119 907
281 298
548 768
838 844
562 590
599 640
399 401
790 889
606 643
426 771
395 507
792 886
265 348
319 670
216 564
961 989
312 368
318 988
252 273
834 917
306 682
433 452
531 741
442 867
365 654
931 964
249 805
357 411
515 555
500 536
729 800
948 986
747 815
65 902
586 983
213 280
697 707
932 960
454 513
85 147
267 509
606 661
846 867
202 494
710 890
192 466
214 590
491 502
798 865
904 958
70 755
323 367
209 744
219 570
233 979
645 810
199 979
25 415
874 895
174 500
213 278
682 890
48 279
851 951
419 964
134 280
259 555
307 855
40 845
281 840
592 711
53 354
222 326
293 660
9 465
146 339
285 865
650 769
78 747
299 318
201 270
507 598
372 860
782 843
317 637
717 763
74 999
708 799
863 928
454 473
760 840
533 544
891 949
183 955
159 505
2 251
161 306
204 244
177 891
416 601
120 572
232 938
374 774
619 620
480 650
15 664
430 870
961 989
767 847
442 596
935 964
697 731
602 737
162 706
28 539
185 428
735 797
477 595
328 376
342 825
617 711
288 618
792 959
824 945
14 893
122 721
145 928
348 424
91 169
308 332
745 770
820 908
80 734
323 423
30 621
734 751
317 947
65 575
562 776
338 393
424 483
110 547
378 405
170 650
643 763
435 492
620 717
897 983
806 876
21 476
583 802
903 923
14 413
331 878
69 153
764 894
273 430
427 574
341 624
614 886
447 503
9 139
783 795
225 249
508 566
574 957
875 951
80 804
277 729
321 705
965 980
178 238
354 688
434 546
425 761
88 452
212 780
586 612
899 962
336 360
579 631
817 864
776 806
869 911
209 927
60 445
783 980
202 530
403 874
415 506
325 956
132 722
130 637
211 876
221 276
280 311
291 636
173 992
30 578
608 916
316 754
312 365
752 812
106 673
732 770
424 945
353 875
366 665
214 246
799 893
221 326
261 719
379 820
334 688
161 497
310 821
136 146
444 939
27 465
930 954
670 674
576 676
889 915
665 757
731 758
372 428
913 929
386 834
347 397
586 617
270 739
592 594
868 953
656 966
845 909
680 856
28 729
967 972
364 432
441 487
76 781
433 465
644 727
271 361
665 764
534 563
738 801
932 982
531 565
276 787
847 901
605 669
88 324
449 529
13 700
611 614
926 990
412 483
414 574
273 655
328 917
256 331
114 743
443 450
766 805
570 754
282 302
699 790
592 629
683 781
495 894
390 591
804 888
445 448
36 60
476 813
754 941
754 790
150 474
73 514
899 915
223 415
470 579
824 869
399 459
861 877
667 910
874 958
910 967
37 670
693 880
653 690
248 621
187 565
685 707
100 685
543 656
258 349
252 678
23 637
795 886
508 873
829 869
387 981
407 440
699 721
913 951
863 876
330 785
552 592
20 949
216 479
107 817
850 879
567 658
1 239
920 987
52 663
928 993
396 454
124 467
355 963
185 550
195 557
83 487
240 776
811 956
450 497
569 620
455 527
266 463
159 448
780 874
858 966
449 456
857 979
322 376
706 796
93 597
75 594
860 904
910 982
555 569
128 465
362 742
597 747
953 975
46 489
119 227
391 539
490 493
584 592
945 953
630 729
735 793
559 580
671 697
959 976
524 612
241 995
482 711
920 990
683 747
235 387
70 615
661 741
487 533
394 493
671 961
288 336
397 522
754 917
797 833
182 206
451 536
532 543
432 952
691 746
56 384
155 759
767 787
650 832
393 395
384 459
367 588
574 665
751 779
843 855
221 977
415 474
907 916
943 989
431 474
101 243
416 487
691 794
56 122
456 963
787 867
514 898
125 824
549 645
393 449
686 983
403 902
249 345
696 747
69 651
249 287
415 558
37 518
743 822
263 287
512 517
66 830
807 818
303 573
746 788
485 568
519 820
276 880
845 904
91 764
833 844
512 584
221 968
707 724
463 527
596 704
438 735
103 251
59 477
861 881
300 536
571 906
766 812
568 889
350 553
890 895
18 263
329 691
137 142
340 771
383 885
292 783
527 588
785 806
312 793
145 266
856 950
935 937
52 976
447 573
60 897
909 972
102 232
76 596
719 743
670 722
954 973
180 468
305 628
602 683
153 367
689 929
712 730
675 693
937 994
708 719
884 946
243 288
479 685
757 804
283 930
238 336
600 716
729 781
158 306
376 444
214 290
339 991
885 947
393 458
862 923
19 223
603 647
25 911
413 483
934 964
685 755
161 333
565 678
125 184
347 754
370 805
300 392
528 696
448 583
125 785
216 518
392 432
864 940
266 957
766 771
607 991
102 511
199 870
558 768
390 950
84 715
410 685
40 523
520 525
300 398
132 750
587 666
104 989
99 597
306 884
228 942
815 897
753 818
299 740
707 810
139 225
198 535
298 344
706 752
11 365
73 783
559 584
417 443
242 885
546 594
79 688
367 617
820 827
697 747
88 180
183 256
434 988
501 756
123 125
24 646
694 700
591 615
943 946
139 570
668 929
928 938
772 794
491 571
257 822
559 571
193 764
58 949
609 788
777 805
870 912
222 435
785 860
218 679
694 771
565 909
482 747
406 488
311 915
369 411
820 823
828 879
280 903
490 496
801 987
638 985
749 892
890 933
80 804
850 922
736 787
746 804
864 946
400 556
516 926
253 995
796 876
148 730
144 266
685 732
798 873
257 335
43 974
548 918
458 460
636 712
728 769
300 612
603 674
337 638
61 202
382 448
662 833
82 331
135 143
77 881
753 812
661 712
83 333
370 974
487 789
112 568
22 470
668 684
71 724
464 830
433 709
455 507
826 982
832 889
424 903
75 627
1 529
304 366
201 287
953 966
645 773
858 935
524 526
659 811
373 646
731 780
835 852
492 874
384 469
785 792
230 886
963 983
360 806
791 851
166 920
138 227
117 511
28 245
813 905
3 20
171 785
704 939
798 804
261 593
568 659
43 856
544 551
171 293
373 463
358 431
775 786
263 289
273 583
301 315
882 932
418 494
618 801
53 697
257 303
38 174
850 898
516 802
981 983
897 931
937 967
502 752
568 632
120 310
407 413
371 382
399 570
750 799
183 905
331 400
490 511
470 604
317 401
643 670
112 636
108 632
69 318
45 303
350 362
709 859
431 514
566 657
42 298
533 538
212 792
468 977
650 672
767 789
352 444
376 633
416 428
889 912
587 608
914 963
633 777
96 273
729 803
501 710
876 956
739 759
772 871
289 299
214 506
62 872
462 763
762 846
126 533
189 388
85 858
610 952
938 989
877 900
109 835
484 497
393 424
587 672
347 427
568 663
836 861
943 1000
828 905
580 731
306 963
19 598
71 359
650 874
337 943
463 492
4 999
575 600
70 963
391 441
585 617
229 541
495 873
38 469
131 381
605 665
720 802
817 848
56 673
735 799
397 424
623 811
565 582
150 391
336 431
140 442
567 658
420 513
768 986
90 741
11 760
711 755
794 868
1 155
323 327
587 664
337 341
769 800
268 294
766 854
354 416
745 783
397 493
538 974
460 490
472 482
195 595
702 746
184 635
108 686
365 641
209 606
208 785
26 644
321 322
850 945
650 661
574 759
713 864
314 504
820 832
595 814
110 944
738 776
15 293
643 905
832 897
860 946
490 707
449 501
297 729
161 713
769 835
616 642
438 919
501 520
101 549
382 534
110 111
314 509
305 347
443 468
126 919
789 796
114 391
847 851
95 498
650 689
265 852
133 487
594 603
538 701
211 301
580 599
679 723
423 754
217 565
118 667
979 991
753 923
772 806
492 518
33 202
96 728
593 778
604 676
287 376
78 609
869 960
97 583
749 799
896 924
9 433
402 748
420 602
31 297
603 954
73 359
826 896
660 751
103 178
796 808
619 857
396 948
667 939
883 933
265 319
497 708
445 911
938 956
572 989
718 730
437 459
310 478
286 444
559 591
542 630
87 543
104 928
432 549
663 733
492 696
307 822
290 560
210 621
619 713
419 568
851 888
729 820
219 700
222 648
241 922
590 941
309 690
451 880
677 950
115 165
900 977
888 970
239 932
440 529
845 938
673 760
838 850
723 787
555 849
593 646
266 837
336 937
231 390
112 533
182 986
819 959
427 435
684 769
500 642
395 417
788 798
207 355
968 999
869 917
233 305
806 856
223 331
943 997
514 527
131 499
726 759
84 438
287 340
654 792
568 570
549 555
663 735
185 657
224 669
564 607
578 652
336 810
430 473
691 739
13 426
220 895
62 229
296 467
116 465
623 705
257 317
222 298
772 848
510 984
338 393
492 514
529 878
890 931
808 855
503 516
238 244
494 914
409 991
213 340
202 289
113 911
700 746
395 623
31 913
15 77
462 478
86 938
807 885
662 691
17 180
109 963
888 894
405 448
11 951
552 566
28 719
875 927
504 836
37 947
47 387
800 848
684 747
140 740
703 731
171 590
190 540
379 986
513 831
169 246
494 580
656 659
161 354
697 830
860 903
361 426
581 583
192 592
220 294
476 543
241 310
79 823
858 869
90 196
576 605
727 738
109 670
263 370
808 855
526 605
805 904
863 874
45 386
352 431
570 849
378 452
255 772
433 457
361 823
746 755
319 867
633 730
518 520
50 797
726 754
792 892
319 527
734 822
258 663
479 558
306 652
227 424
50 697
834 844
773 826
70 763
468 493
672 769
492 709
711 995
711 803
266 572
175 909
271 337
58 504
979 988
903 967
0 194
586 813
660 759
733 831
156 430
261 841
790 797
709 749
637 917
217 462
204 852
468 492
333 914
478 762
129 727
800 820
493 529
900 910
491 535
854 886
311 698
747 781
300 342
337 679
392 482
410 726
822 891
143 799
707 801
34 372
932 950
356 853
599 674
652 725
615 762
829 875
434 520
346 518
145 474
205 220
487 542
414 455
359 491
229 637
651 769
842 852
179 605
816 833
19 774
459 783
347 504
555 906
382 406
822 921
166 808
256 637
64 770
287 356
65 599
7 973
203 621
397 468
769 795
389 474
322 891
249 461
504 568
572 893
476 807
621 986
524 558
88 979
356 984
755 976
262 818
242 732
932 999
347 354
0 710
553 935
535 871
78 982
491 518
139 896
759 781
647 747
683 807
277 936
307 312
821 857
170 701
410 981
14 479
358 690
670 833
92 688
244 588
394 635
456 550
842 887
41 314
744 750
676 922
126 700
883 917
588 620
531 939
824 898
713 732
881 949
440 632
281 315
588 591
243 258
102 904
296 952
877 989
801 845
320 458
501 626
893 945
112 674
403 416
235 354
395 588
508 908
11 669
195 708
836 870
520 575
990 999
662 666
729 953
148 384
372 848
8 874
440 514
693 758
369 379
869 914
32 387
586 646
525 614
625 809
765 815
325 454
782 836
897 907
334 857
630 664
265 401
50 61
866 871
778 821
119 456
14 844
161 740
616 843
716 828
415 462
562 906
255 716
98 495
93 557
211 374
278 481
499 895
717 801
454 500
530 594
834 880
758 819
910 967
344 388
245 308
296 467
815 820
6 462
257 355
514 587
23 831
620 718
321 445
517 968
346 440
416 879
698 920
456 483
896 950
712 776
880 913
358 430
184 754
720 743
489 524
728 735
804 856
310 464
330 424
122 311
679 906
109 222
237 852
829 839
527 839
773 945
507 895
880 958
368 849
646 677
51 410
851 859
177 942
802 876
286 372
797 814
264 287
97 179
213 886
668 777
325 378
593 599
396 783
875 956
311 699
47 966
828 935
674 762
191 373
9 885
274 758
217 751
449 473
550 635
785 857
105 697
837 852
450 487
642 872
4 229
635 867
246 304
625 983
748 772
447 491
425 451
622 750
690 911
489 784
718 870
876 904
917 918
459 543
276 658
652 732
132 618
62 115
419 820
344 992
554 968
27 105
48 642
340 775
243 807
642 738
158 597
878 966
32 790
898 971
241 970
860 943
896 946
112 419
755 759
30 980
226 857
59 944
243 820
583 653
879 959
457 550
770 864
133 560
1 952
311 825
759 787
123 577
404 764
665 841
150 301
420 759
187 673
104 214
257 940
455 788
750 778
72 620
608 612
28 761
703 905
956 985
554 988
667 864
396 605
299 323
455 521
915 939
71 222
398 454
0 596
585 607
307 403
648 697
41 767
178 266
578 678
749 772
195 980
840 888
695 903
700 738
284 773
704 968
501 585
265 354
827 898
354 428
334 633
467 562
882 927
240 380
876 911
909 940
274 455
47 871
8 240
217 317
55 871
538 865
460 462
700 731
985 997
456 665
643 720
801 877
45 191
831 859
597 998
414 988
427 982
269 648
817 818
474 490
397 980
266 353
422 499
191 718
690 692
571 652
791 852
163 654
498 700
453 523
171 950
413 838
463 519
245 257
759 827
171 404
271 297
29 47
0 94
14 334
854 962
289 847
311 938
274 345
204 686
392 901
305 333
690 723
94 1000
453 825
74 222
125 696
173 198
352 393
249 774
500 817
93 243
476 593
782 856
837 955
110 182
190 277
295 503
31 315
465 532
722 774
147 193
706 711
87 202
896 953
301 348
827 957
717 992
913 943
68 861
290 366
214 259
102 267
874 960
718 723
164 430
626 801
0 520
269 347
20 859
314 606
69 340
39 486
874 904
649 882
56 533
355 402
782 941
392 479
361 385
101 833
507 548
820 933
259 518
191 950
48 340
604 701
102 105
562 972
106 752
93 670
562 948
122 307
328 948
462 911
30 428
623 834
44 880
394 452
722 776
196 396
14 699
522 674
564 587
652 748
862 948
662 801
811 901
141 382
150 236
278 415
885 954
221 346
839 989
420 459
883 926
236 352
805 905
845 956
346 456
881 912
375 408
486 994
123 279
721 890
198 274
269 317
379 408
478 507
45 295
18 33
597 724
606 989
696 728
49 690
244 626
192 457
217 555
923 978
146 162
253 265
346 993
509 737
487 648
885 939
196 335
795 868
177 250
677 869
588 673
245 912
75 663
202 917
512 568
359 472
791 795
586 667
187 879
36 156
602 637
173 865
315 317
865 963
359 891
507 521
795 815
584 646
107 398
216 439
562 565
491 588
589 616
368 460
278 688
588 683
650 683
963 992
867 876
322 999
202 338
606 851
373 505
803 882
594 999
527 563
25 226
753 790
102 821
52 836
617 920
795 821
462 861
304 979
405 515
555 684
114 820
344 442
671 919
797 822
549 623
276 967
238 345
766 824
630 820
15 481
24 300
39 708
175 689
236 550
145 696
452 675
233 498
125 686
964 974
221 287
147 955
473 538
700 712
387 735
804 838
706 744
558 990
510 629
767 839
368 927
513 571
308 545
120 821
450 684
662 688
184 203
962 968
437 969
361 820
109 555
698 767
890 914
669 754
820 829
372 452
689 702
467 861
836 915
706 812
354 421
567 933
139 142
37 757
158 964
874 884
224 424
604 662
249 571
186 895
934 945
359 658
121 571
10 129
472 700
5 106
674 793
752 798
906 937
835 990
152 562
685 869
132 288
617 701
795 801
31 751
54 411
158 329
433 470
242 816
793 920
491 827
301 393
417 501
781 831
631 718
821 948
652 698
324 367
814 882
398 460
292 675
260 498
429 751
331 346
278 772
14 397
104 387
283 577
101 636
108 601
397 409
10 879
280 346
155 958
157 349
140 437
75 939
458 563
723 735
897 926
115 244
273 870
259 747
311 500
868 897
265 402
465 678
60 527
647 656
917 980
729 814
4 448
105 972
584 602
90 856
703 783
300 399
171 581
572 648
455 771
858 934
319 973
819 838
74 183
662 737
12 950
606 649
88 318
740 785
823 870
32 876
883 977
547 553
0 853
243 248
792 821
955 990
89 839
937 962
906 983
652 788
684 699
77 942
618 864
441 967
856 910
119 828
216 542
811 884
11 480
800 883
255 470
386 441
285 803
325 712
820 917
89 431
348 402
391 398
369 806
612 771
495 825
456 956
727 789
480 949
876 952
602 706
899 904
63 918
383 823
25 836
914 925
734 804
599 632
861 902
6 692
592 615
506 552
11 999
406 503
828 878
588 658
727 744
651 728
38 718
25 861
213 749
612 705
1 509
259 326
429 528
571 647
716 775
466 517
387 867
645 712
495 790
812 826
945 957
306 491
625 635
711 739
253 318
74 994
696 776
73 571
874 933
81 739
340 438
614 814
9 689
802 899
862 890
810 844
169 686
198 370
85 193
803 815
283 638
785 875
800 880
214 938
248 933
75 166
198 699
713 976
244 285
290 922
387 460
460 642
283 516
219 288
286 862
71 913
692 937
880 911
142 449
651 724
299 819
889 930
828 947
219 680
493 533
251 497
862 939
456 787
621 893
126 282
318 919
458 726
859 917
931 979
530 619
892 969
725 772
404 918
419 904
386 657
867 875
353 371
70 790
403 491
768 852
259 735
423 763
718 989
441 920
357 468
428 850
127 169
554 653
252 517
428 747
378 986
329 823
722 825
462 846
555 651
609 695
292 421
612 803
323 403
612 749
876 937
607 920
170 732
289 624
935 985
268 852
439 497
468 766
427 494
259 272
124 154
702 934
593 622
882 962
828 886
896 953
855 924
861 939
25 231
189 820
60 670
105 470
348 597
679 710
875 972
516 698
531 849
602 630
183 977
446 818
137 996
513 628
464 947
280 399
830 890
52 284
446 479
269 983
473 478
21 272
43 796
552 667
347 374
260 638
611 670
657 724
645 663
478 513
44 526
453 620
498 861
813 929
894 994
388 794
930 975
625 804
862 959
774 862
91 864
858 915
395 555
800 846
65 472
867 909
530 591
709 796
388 792
754 819
748 787
217 820
480 989
237 242
464 534
29 589
846 945
677 693
888 968
124 574
514 797
316 780
308 747
40 865
543 813
406 459
427 459
689 728
402 603
215 639
526 762
352 562
160 918
615 988
949 964
793 881
98 131
15 254
377 995
728 972
457 690
442 801
931 942
546 610
77 201
20 416
58 817
746 778
877 905
762 949
671 946
223 478
184 431
967 971
867 903
247 740
52 439
95 570
769 844
393 456
50 581
895 988
362 588
591 743
5 652
460 504
640 653
217 611
843 889
387 553
92 409
899 947
869 957
539 667
979 987
44 72
69 372
810 861
712 811
281 577
213 313
507 957
324 590
433 523
242 626
800 846
385 463
863 895
152 245
838 920
455 539
496 950
296 837
265 548
584 612
844 853
939 947
552 615
205 910
464 476
89 522
474 480
352 358
245 712
184 330
277 353
54 678
139 398
254 815
129 856
839 999
147 565
281 946
888 891
349 832
835 919
635 793
680 696
552 696
794 865
537 556
666 697
484 574
344 502
602 630
220 657
551 712
866 934
261 602
73 973
533 815
918 938
892 895
957 972
61 212
884 901
416 558
767 839
235 248
783 837
327 804
584 605
180 245
377 569
726 864
240 597
95 427
700 800
79 453
642 662
347 387
728 808
122 211
403 426
769 806
273 342
392 484
362 407
527 802
418 1000
479 485
593 604
777 845
2 133
258 838
587 602
98 865
728 766
928 986
764 839
583 771
848 858
195 338
406 447
454 463
25 124
588 672
154 568
187 734
774 869
897 942
263 730
745 844
375 431
337 388
110 184
630 692
54 560
554 613
843 934
23 566
768 831
885 965
32 82
294 584
731 782
603 652
26 521
558 829
746 807
292 866
631 928
251 564
488 830
574 836
145 991
46 277
168 641
214 569
149 575
111 190
689 971
769 804
559 760
739 945
25 553
456 466
355 718
565 594
880 903
538 584
503 531
465 503
612 652
461 608
690 765
122 130
625 665
267 941
449 594
933 986
310 376
321 428
825 887
253 818
768 775
678 732
533 578
694 785
356 414
145 225
152 486
201 481
900 962
416 505
159 940
458 579
445 612
494 527
548 588
271 766
118 370
801 839
236 829
217 993
77 991
330 522
289 397
194 317
281 299
365 852
405 723
386 474
183 214
457 591
14 349
810 830
191 577
528 853
825 831
737 771
692 703
526 541
804 815
587 588
581 946
590 795
656 735
883 945
273 826
258 392
587 639
362 524
529 735
53 227
368 743
463 755
16 120
470 498
984 995
978 995
286 980
967 994
450 562
672 826
748 837
145 989
202 694
519 805
137 289
235 547
282 822
40 983
675 678
805 861
909 996
61 132
451 674
330 430
164 259
592 962
875 939
200 932
614 858
378 451
668 954
504 520
534 566
864 904
585 603
722 809
341 382
886 983
785 930
76 551
721 904
421 501
34 608
333 398
566 652
485 615
44 822
207 299
855 930
357 397
31 775
853 897
21 859
555 601
193 826
876 903
296 561
805 877
619 684
415 974
432 517
917 954
98 943
412 446
765 799
846 945
6 575
559 600
361 882
184 622
385 806
202 861
501 574
689 833
416 661
410 493
91 234
379 930
235 347
100 456
464 547
398 761
416 505
438 759
120 933
28 896
387 416
597 840
804 869
876 884
563 718
534 907
795 814
816 850
718 893
88 111
268 557
529 828
15 93
616 955
57 899
460 853
55 859
900 959
850 931
336 830
353 456
740 810
587 660
234 239
460 706
875 964
680 728
969 1000
130 566
851 923
55 459
176 701
258 748
912 952
679 705
367 743
165 223
152 618
256 518
787 865
130 683
354 635
292 294
362 370
533 963
882 945
225 570
663 821
762 844
595 754
460 943
353 407
917 928
77 609
208 553
424 453
416 706
37 796
421 899
551 756
58 514
68 117
164 444
356 373
11 942
731 822
589 679
807 821
53 501
724 750
911 921
870 878
138 698
445 450
365 860
358 723
875 884
657 682
754 828
765 779
615 631
242 947
628 647
543 953
153 259
371 667
417 626
528 672
49 833
655 744
499 838
260 893
725 821
200 543
734 797
115 562
854 985
900 970
459 926
414 422
326 965
931 1000
376 981
774 830
171 308
862 866
463 553
469 867
617 708
389 794
339 734
879 887
168 549
630 676
19 291
482 553
383 489
554 600
299 500
101 944
139 498
766 880
26 381
483 622
672 772
311 771
890 922
794 857
847 856
647 923
579 598
663 736
595 944
691 782
68 715
656 709
766 769
962 991
191 377
464 544
124 151
914 936
909 989
313 670
816 880
589 825
831 873
533 612
821 904
212 281
71 644
575 577
357 395
57 80
13 744
475 638
829 912
520 812
279 832
400 523
913 932
270 279
87 135
150 206
343 384
674 794
177 348
237 259
719 876
850 948
861 927
676 960
362 383
759 771
42 937
66 184
564 615
148 484
805 846
632 806
871 985
828 913
166 197
882 949
236 630
136 368
52 290
607 866
689 775
344 352
335 936
153 933
52 813
183 399
32 983
143 189
35 740
318 895
403 411
191 587
349 601
592 619
114 483
141 896
245 327
358 824
350 386
543 582
25 777
718 815
9 751
912 914
592 593
175 313
24 545
319 785
757 945
74 376
832 838
568 595
648 687
75 779
301 339
770 807
181 467
502 643
179 183
706 784
248 456
578 738
634 738
294 431
737 785
817 920
230 238
571 948
486 539
72 753
709 785
228 808
684 689
568 598
881 958
70 602
856 980
713 964
281 629
507 731
197 228
37 107
282 552
106 631
437 871
105 333
96 594
417 530
353 433
481 875
158 455
113 868
777 981
594 644
433 822
798 827
382 661
543 670
116 216
801 873
574 617
71 73
832 923
453 814
671 855
68 351
8 826
207 979
148 890
300 380
761 976
781 790
492 569
188 565
611 905
731 823
58 545
64 307
446 464
877 884
901 908
407 775
91 735
183 437
483 683
873 882
383 892
445 766
186 264
324 434
684 950
78 669
467 555
292 667
312 661
501 554
573 668
117 676
635 657
97 352
523 564
280 436
521 754
419 464
833 919
227 989
206 643
791 827
307 659
490 576
458 691
581 826
584 643
513 534
313 381
52 408
464 686
458 654
434 522
912 952
661 700
139 270
756 847
441 520
366 650
438 490
815 868
376 435
495 817
251 878
458 485
193 302
865 874
6 441
90 354
369 379
768 844
124 594
48 390
341 770
112 325
763 880
738 742
129 752
645 709
864 878
523 991
773 776
922 932
353 359
84 446
786 797
10 990
880 983
491 583
176 859
572 665
283 622
119 252
131 203
33 714
423 931
156 897
829 867
443 486
911 961
429 493
607 953
81 715
844 858
266 616
824 949
958 969
756 816
430 486
632 699
47 633
303 420
0 346
745 773
513 596
502 864
761 826
394 420
386 970
126 483
472 604
845 895
701 793
826 832
281 542
346 671
418 432
896 939
359 432
47 657
543 685
724 734
335 940
795 874
699 803
412 893
600 747
513 560
374 784
530 951
348 701
240 401
161 776
703 712
833 867
592 669
567 592
305 403
874 912
26 400
437 447
676 766
642 665
268 857
448 484
759 810
578 715
739 773
54 835
557 736
562 641
339 399
417 456
646 730
169 625
275 525
432 703
723 863
870 969
195 227
259 292
309 423
320 908
791 956
18 992
765 826
204 695
326 890
76 91
863 873
620 714
384 914
160 684
71 516
882 975
703 909
448 537
8 565
217 381
762 934
239 892
593 667
911 970
780 857
852 934
712 747
617 856
