191
1 2
2 3
3 4
4 5
5 6
5 7
7 8
7 100
8 9
8 96
8 97
8 98
8 99
8 100
9 10
9 97
10 11
10 96
11 12
11 95
11 96
12 13
12 93
12 94
12 95
13 14
13 90
13 91
13 92
13 93
14 15
14 88
14 89
14 90
15 16
15 89
16 17
16 87
16 88
17 18
17 86
17 88
18 19
18 87
19 20
19 85
19 86
20 21
20 83
20 84
20 85
21 22
21 81
21 82
21 83
22 23
22 78
22 79
22 80
22 81
23 24
23 78
24 25
24 77
24 78
25 26
25 76
25 77
26 27
26 72
26 73
26 74
26 75
26 76
27 28
27 71
27 73
28 29
28 71
29 30
29 31
29 70
29 71
30 70
31 32
31 69
31 70
32 33
32 68
32 70
33 34
33 36
33 37
33 68
34 35
34 36
35 36
36 37
37 38
37 41