186
1 3
2 3
3 4
4 5
5 6
6 7
6 8
8 9
8 97
9 10
9 95
9 96
10 11
10 92
10 97
11 12
11 90
11 92
12 13
12 89
12 90
13 14
13 89
14 15
14 86
14 87
14 89
15 16
15 17
15 85
15 86
16 17
17 18
17 83
17 85
18 19
18 20
18 85
19 20
20 21
20 22
20 83
21 22
22 23
22 78
22 80
22 82
22 83
23 24
23 76
23 77
23 78
24 25
24 26
24 27
24 45
24 46
24 78
25 26
26 27
27 28
27 38
27 43
27 76
28 29
28 30
28 37
28 38
29 30
30 31
30 32
30 34
30 35
30 36
30 37
31 32
32 33
32 34
33 34
34 37
35 37
36 37
37 38
38 39
38 41
38 42
38 45
39 40
39 41
40 41
41 43
42 43
43 44
43 45
44 45
45 76
46 47
46 48
46 49
46 50