19801
1 2
2 3
3 4
4 5
5 6
6 7
6 8
6 9
6 10
7 8
10 11
10 14
11 12
11 13
11 14
12 13
13 14
14 15
15 16
16 17
17 18
18 19
18 20
18 21
18 22
19 21
20 21
21 22
22 23
23 24
24 25
24 26
25 26
26 27
26 28
27 28
28 29
28 38
29 30
29 31
29 37
30 38
31 32
31 38
32 33
32 34
32 35
32 37
33 34
34 35
35 36
35 37
36 37
37 38
38 39
39 40
40 41
41 42
41 43
42 43
43 44
44 45
45 46
46 47
47 48
47 49
49 50
50 51
50 54
51 52
51 53
52 53
53 54
54 55
55 56
56 57
56 58
58 59
58 60
59 60
60 61
60 62
62 63
63 64
63 66
64 65
64 66
65 66
66 67
67 68
67 69
67 70
68 69
70 71
71 72
71 73
72 73
73 74
74 75
75 76