19996
1 2
1 3
1 4
1 6
1 7
1 9
1 10
1 11
1 21
1 31
1 41
1 51
1 61
1 71
1 81
1 91
1 101
1 111
1 121
1 131
1 141
1 151
1 161
1 171
1 181
1 191
1 201
1 211
1 221
1 231
1 241
1 251
1 261
1 271
1 281
1 291
1 301
1 311
1 321
1 331
1 341
1 351
1 361
1 371
1 381
1 391
1 401
1 411
1 421
1 431
1 441
1 451
1 461
1 471
1 481
1 491
1 501
1 511
1 521
1 531
1 541
1 551
1 561
1 571
1 581
1 591
1 601
1 611
1 621
1 631
1 641
1 651
1 661
1 671
1 681
1 691
1 701
1 711
1 721
1 731
1 741
1 751
1 761
1 771
1 781
1 791
1 801
1 811
1 821
1 831
1 841
1 851
1 861
1 871
1 881
1 891
1 901
1 911
1 921
1 931