499877
1 249882
2 3
2 249882
3 4
3 249878
3 249879
3 249880
3 249881
4 5
4 249880
5 6
5 249877
5 249878
6 7
6 249877
7 8
7 249875
7 249876
7 249877
8 9
8 249873
8 249874
8 249875
9 10
9 249870
9 249871
9 249872
9 249873
10 11
10 249870
11 12
11 249869
11 249870
12 13
12 14
12 249869
13 249869
14 15
14 16
14 249868
14 249869
15 249868
16 17
16 249868
17 18
17 249865
17 249866
17 249867
17 249868
18 19
18 249863
18 249864
18 249865
19 20
19 249864
20 21
20 22
20 249860
20 249861
20 249862
20 249863
21 249861
22 23
22 249859
22 249861
23 24
23 249856
23 249857
23 249858
23 249859
24 25
24 249855
24 249856
25 26
25 249855
26 27
26 249853
26 249854
26 249855
27 28
27 249855
28 29
28 249852
28 249853
29 30
29 31
29 249850
29 249851
29 249853
30 249850
31 32
31 249848
31 249849
31 249850
32 33
32 249848
33 34
33 249846
33 249847
33 249848