198
2 10
2 9
3 9
3 8
4 8
4 7
4 6
5 6
6 6
6 5
6 4
5 4
4 4
3 4
2 4
2 3
2 2
3 2
4 2
5 2
6 2
7 2
8 2
9 2
10 2
11 2
12 2
13 2
14 2
14 3
13 3
12 3
12 4
13 4
14 4
15 4
16 4
16 5
16 6
17 6
18 6
19 6
20 6
20 7
20 8
19 8
18 8
17 8
16 8
15 8
14 8
14 9
14 10
15 10
16 10
17 10
18 10
19 10
20 10
21 10
22 10
22 11
23 11
23 12
22 12
21 12
20 12
19 12
18 12
17 12
16 12
15 12
14 12
13 12
12 12
11 12
11 11
12 11
12 10
11 10
10 10
9 10
8 10
7 10
6 10
6 11
6 12
7 12
8 12
9 12
10 12
10 13
11 13
12 13
13 13
14 13
15 13
15 14
14 14
13 14
12 14
11 14
10 14
10 15
11 15
12 15
13 15
14 15
15 15
16 15
16 16
17 16
18 16
19 16
20 16
21 16
21 17
20 17
19 17
18 17
18 18
19 18
20 18
21 18
22 18
23 18
24 18
24 19
24 20
23 20
22 20
21 20
20 20
19 20
18 20
17 20
16 20
15 20
14 20
13 20
12 20
11 20
10 20
10 21
10 22
11 22
12 22
12 23
13 23
14 23
14 24
13 24
12 24
11 24
10 24
9 24
8 24
7 24
6 24
6 23
5 23
5 22
4 22
4 21
4 20
3 20
2 20
2 19
2 18
3 18
4 18
5 18
6 18
6 17
6 16
5 16
4 16
3 16
2 16
2 15
2 14
3 14
4 14
5 14
6 14
7 14
8 14
8 15
9 15
9 16
9 17
10 17
10 18
11 18
12 18
13 18
14 18
14 19