684
19 35
20 35
20 36
19 36
18 36
17 36
16 36
15 36
14 36
13 36
12 36
12 35
12 34
13 34
14 34
15 34
16 34
17 34
18 34
19 34
20 34
20 33
20 32
19 32
18 32
17 32
16 32
15 32
14 32
14 31
14 30
15 30
16 30
17 30
18 30
19 30
20 30
21 30
22 30
23 30
24 30
25 30
25 29
26 29
27 29
28 29
29 29
30 29
31 29
32 29
33 29
34 29
35 29
35 30
36 30
37 30
38 30
39 30
40 30
40 29
41 29
41 28
42 28
43 28
44 28
45 28
46 28
46 29
46 30
47 30
48 30
48 31
48 32
48 33
48 34
47 34
46 34
45 34
45 35
46 35
47 35
48 35
49 35
49 36
48 36
47 36
46 36
45 36
44 36
44 37
45 37
46 37
47 37
48 37
49 37
49 38
48 38
47 38
46 38
45 38
44 38
44 39
45 39
46 39
47 39
48 39
49 39
49 40
48 40
47 40
46 40
45 40
44 40
44 41
45 41
46 41
47 41
48 41
49 41
49 42
48 42
47 42
46 42
45 42
44 42
44 43
45 43
46 43
47 43
48 43
49 43
49 44
48 44
47 44
46 44
45 44
44 44
44 45
45 45
46 45
47 45
48 45
49 45
49 46
48 46
47 46
46 46
45 46
44 46
44 47
45 47
46 47
47 47
48 47
49 47
49 48
48 48
47 48
46 48
45 48
44 48
43 48
42 48
42 47
41 47
41 46
40 46
40 45
40 44
40 43
40 42
41 42
42 42
42 41
41 41
40 41
40 40
41 40
41 39
40 39
40 38
41 38
42 38
42 37
41 37
40 37
39 37
38 37
37 37
36 37
35 37
35 38
34 38
33 38
32 38
31 38
30 38
29 38
28 38
28 39
29 39
30 39
31 39
32 39
33 39
34 39
35 39
35 40
34 40
33 40
32 40
31 40
30 40
29 40
28 40
28 41
29 41
30 41
31 41
32 41
33 41
34 41
35 41
35 42
34 42
33 42
32 42
31 42
30 42
29 42
28 42
28 43
27 43
26 43
25 43
25 44
24 44
23 44
22 44
21 44
20 44
20 43
20 42
19 42
18 42
17 42
16 42
15 42
14 42
13 42
12 42
11 42
10 42
9 42
8 42
7 42
6 42
5 42
4 42
3 42
2 42
2 41
2 40
3 40
4 40
5 40
6 40
7 40
8 40
8 39
9 39
10 39
10 40
11 40
12 40
13 40
14 40
15 40
16 40
17 40
18 40
19 40
20 40
20 39
20 38
19 38
18 38
17 38
16 38
15 38
14 38
13 38
12 38
11 38
10 38
9 38
8 38
7 38
6 38
5 38
4 38
3 38
2 38
2 37
2 36
3 36
4 36
5 36
6 36
7 36
8 36
8 35
8 34
7 34
6 34
5 34
4 34
3 34
2 34
2 33
2 32
3 32
4 32
5 32
6 32
7 32
8 32
8 31
8 30
7 30
6 30
5 30
4 30
3 30
2 30
2 29
2 28
3 28
4 28
5 28
6 28
7 28
8 28
9 28
10 28
11 28
12 28
12 27
13 27
13 26
12 26
11 26
10 26
9 26
8 26
7 26
6 26
5 26
4 26
4 25
4 24
5 24
6 24
7 24
8 24
9 24
10 24
10 23
10 22
11 22
12 22
13 22
14 22
15 22
16 22
17 22
18 22
19 22
20 22
21 22
22 22
23 22
24 22
25 22
26 22
26 21
26 20
26 19
25 19
25 18
26 18
27 18
28 18
29 18
30 18
31 18
32 18
33 18
34 18
35 18
35 19
34 19
33 19
32 19
32 20
33 20
34 20
35 20
35 21
34 21
33 21
32 21
32 22
33 22
34 22
35 22
36 22
37 22
38 22
39 22
40 22
41 22
42 22
43 22
44 22
45 22
46 22
46 21
46 20
47 20
48 20
48 19
48 18
47 18
46 18
46 19
45 19
44 19
43 19
42 19
41 19
40 19
40 18
41 18
42 18
43 18
44 18
44 17
43 17
42 17
41 17
40 17
40 16
40 15
39 15
38 15
37 15
36 15
35 15
34 15
33 15
32 15
32 14
32 13
33 13
34 13
35 13
35 12
34 12
33 12
32 12
31 12
30 12
29 12
28 12
28 11
29 11
29 10
30 10
31 10
32 10
32 9
33 9
33 8
32 8
31 8
30 8
30 7
30 6
30 5
30 4
29 4
28 4
27 4
26 4
26 5
25 5
25 6
26 6
26 7
25 7
25 8
26 8
26 9
25 9
25 10
26 10
26 11
25 11
25 12
26 12
26 13
25 13
25 14
26 14
26 15
25 15
24 15
23 15
22 15
21 15
20 15
20 16
19 16
18 16
17 16
16 16
15 16
15 17
16 17
17 17
17 18
16 18
15 18
14 18
14 19
15 19
16 19
17 19
18 19
19 19
20 19
20 20
19 20
18 20
17 20
16 20
15 20
14 20
13 20
12 20
11 20
10 20
10 19
10 18
11 18
12 18
12 17
12 16
11 16
10 16
10 15
10 14
11 14
12 14
12 13
12 12
13 12
14 12
14 11
15 11
16 11
17 11
18 11
19 11
20 11
20 10
19 10
18 10
17 10
16 10
15 10
14 10
13 10
12 10
12 9
12 8
13 8
14 8
15 8
16 8
17 8
18 8
19 8
20 8
20 7
20 6
19 6
18 6
17 6
16 6
16 5
16 4
15 4
14 4
14 3
13 3
12 3
12 4
11 4
10 4
10 3
9 3
8 3
7 3
7 2
6 2
5 2
5 3
4 3
3 3
2 3
2 4
3 4
4 4
4 5
5 5
6 5
7 5
8 5
9 5
10 5
11 5
12 5
13 5
14 5
14 6
13 6
12 6
11 6
10 6
9 6
8 6
7 6
6 6
5 6
4 6
3 6
2 6
2 7
3 7
3 8
4 8
4 9
4 10
5 10
6 10
7 10
8 10
9 10
10 10
10 11
10 12
9 12
8 12
7 12
6 12
5 12
4 12
3 12
2 12
2 13
2 14
2 15
2 16
2 17
2 18
2 19
2 20
2 21
2 22
2 23
2 24
3 24