1336
68 32
68 33
68 34
67 34
66 34
65 34
64 34
64 33
64 32
63 32
62 32
62 31
62 30
63 30
64 30
65 30
66 30
67 30
68 30
69 30
70 30
71 30
72 30
73 30
74 30
74 31
74 32
73 32
72 32
71 32
70 32
70 33
70 34
70 35
70 36
69 36
68 36
67 36
66 36
65 36
64 36
64 37
64 38
65 38
66 38
67 38
68 38
69 38
70 38
71 38
72 38
72 39
73 39
74 39
74 40
73 40
72 40
71 40
70 40
69 40
68 40
67 40
66 40
65 40
64 40
63 40
62 40
61 40
60 40
59 40
58 40
58 41
58 42
59 42
60 42
60 43
60 44
60 45
60 46
61 46
62 46
62 47
62 48
63 48
64 48
65 48
66 48
66 49
65 49
65 50
66 50
67 50
68 50
69 50
70 50
71 50
72 50
72 51
72 52
71 52
70 52
69 52
68 52
67 52
66 52
65 52
64 52
63 52
62 52
61 52
60 52
60 53
60 54
61 54
62 54
63 54
64 54
65 54
66 54
66 55
66 56
65 56
64 56
63 56
62 56
62 57
62 58
61 58
60 58
60 59
60 60
61 60
62 60
62 61
62 62
63 62
64 62
64 63
64 64
65 64
66 64
67 64
68 64
69 64
70 64
71 64
72 64
73 64
74 64
74 65
74 66
74 67
74 68
74 69
74 70
73 70
72 70
72 71
72 72
72 73
73 73
74 73
74 74
73 74
72 74
71 74
70 74
69 74
68 74
67 74
66 74
65 74
64 74
63 74
62 74
61 74
60 74
60 73
59 73
59 72
60 72
60 71
60 70
61 70
62 70
63 70
64 70
65 70
66 70
67 70
68 70
69 70
70 70
70 69
71 69
72 69
72 68
71 68
70 68
69 68
68 68
67 68
66 68
65 68
64 68
63 68
62 68
61 68
60 68
59 68
58 68
57 68
56 68
56 69
55 69
55 70
56 70
56 71
56 72
55 72
54 72
53 72
52 72
51 72
50 72
49 72
48 72
48 71
48 70
48 69
49 69
50 69
50 68
49 68
48 68
47 68
46 68
45 68
44 68
44 69
44 70
45 70
46 70
46 71
46 72
45 72
44 72
43 72
42 72
41 72
40 72
39 72
38 72
37 72
36 72
36 71
36 70
37 70
38 70
39 70
40 70
41 70
42 70
42 69
42 68
41 68
40 68
39 68
38 68
37 68
36 68
36 69
35 69
34 69
34 68
33 68
32 68
31 68
30 68
29 68
28 68
28 67
28 66
29 66
30 66
30 67
31 67
32 67
32 66
33 66
34 66
34 65
34 64
35 64
36 64
37 64
38 64
38 63
38 62
39 62
40 62
41 62
42 62
42 61
43 61
43 60
44 60
45 60
46 60
47 60
48 60
49 60
50 60
51 60
52 60
53 60
54 60
55 60
56 60
56 59
56 58
55 58
54 58
53 58
52 58
51 58
50 58
49 58
48 58
47 58
46 58
45 58
44 58
43 58
42 58
41 58
40 58
40 59
40 60
39 60
38 60
37 60
36 60
35 60
34 60
33 60
32 60
32 59
32 58
33 58
34 58
35 58
36 58
37 58
38 58
38 57
39 57
39 56
40 56
41 56
42 56
43 56
44 56
45 56
46 56
47 56
48 56
48 55
48 54
47 54
46 54
45 54
44 54
43 54
42 54
41 54
40 54
39 54
38 54
37 54
36 54
35 54
35 53
36 53
36 52
35 52
34 52
33 52
32 52
31 52
30 52
30 53
30 54
31 54
32 54
33 54
34 54
34 55
34 56
33 56
32 56
31 56
30 56
29 56
28 56
27 56
26 56
25 56
24 56
24 57
24 58
25 58
26 58
27 58
28 58
29 58
30 58
30 59
30 60
30 61
30 62
31 62
32 62
32 63
32 64
31 64
30 64
29 64
28 64
27 64
26 64
25 64
24 64
23 64
22 64
21 64
20 64
20 63
21 63
21 62
20 62
19 62
18 62
17 62
16 62
16 61
16 60
15 60
14 60
13 60
12 60
12 59
12 58
13 58
14 58
15 58
16 58
16 57
16 56
16 55
16 54
17 54
18 54
18 53
17 53
17 52
18 52
18 51
18 50
19 50
20 50
21 50
22 50
23 50
24 50
24 49
24 48
23 48
22 48
22 47
22 46
21 46
20 46
19 46
18 46
17 46
16 46
15 46
14 46
13 46
13 47
14 47
14 48
13 48
12 48
11 48
10 48
10 49
11 49
11 50
10 50
9 50
8 50
7 50
6 50
6 51
6 52
7 52
8 52
9 52
10 52
11 52
12 52
12 53
12 54
11 54
10 54
9 54
8 54
7 54
6 54
5 54
4 54
3 54
2 54
2 53
2 52
2 51
2 50
3 50
4 50
4 49
4 48
3 48
2 48
2 47
2 46
3 46
4 46
4 47
5 47
6 47
6 48
7 48
8 48
8 47
8 46
9 46
10 46
11 46
12 46
12 45
12 44
11 44
10 44
10 43
10 42
9 42
8 42
7 42
6 42
5 42
4 42
4 41
4 40
5 40
6 40
6 39
6 38
7 38
8 38
9 38
10 38
10 39
10 40
11 40
12 40
13 40
14 40
15 40
16 40
17 40
18 40
19 40
20 40
21 40
22 40
23 40
24 40
25 40
26 40
27 40
28 40
28 39
28 38
29 38
30 38
30 37
30 36
29 36
28 36
27 36
26 36
26 37
26 38
25 38
24 38
23 38
22 38
21 38
20 38
19 38
18 38
17 38
16 38
16 37
17 37
17 36
18 36
19 36
20 36
20 35
20 34
21 34
22 34
22 33
22 32
23 32
24 32
25 32
26 32
26 33
26 34
27 34
28 34
29 34
30 34
31 34
32 34
33 34
34 34
34 35
34 36
34 37
34 38
35 38
36 38
37 38
38 38
38 37
38 36
39 36
40 36
41 36
42 36
43 36
44 36
45 36
46 36
47 36
48 36
49 36
50 36
51 36
52 36
53 36
54 36
55 36
56 36
57 36
58 36
59 36
60 36
60 35
60 34
59 34
58 34
57 34
56 34
55 34
54 34
53 34
52 34
51 34
50 34
49 34
48 34
47 34
46 34
45 34
44 34
44 33
44 32
45 32
46 32
47 32
48 32
49 32
50 32
51 32
52 32
53 32
54 32
54 31
55 31
56 31
57 31
57 30
58 30
58 29
58 28
59 28
60 28
61 28
62 28
63 28
64 28
64 27
65 27
66 27
66 26
67 26
68 26
69 26
70 26
70 25
71 25
72 25
72 24
73 24
74 24
74 23
74 22
73 22
72 22
72 23
71 23
70 23
70 24
69 24
68 24
67 24
66 24
65 24
64 24
63 24
62 24
62 25
62 26
61 26
60 26
59 26
58 26
57 26
56 26
55 26
54 26
53 26
52 26
51 26
50 26
49 26
48 26
48 27
48 28
48 29
48 30
47 30
46 30
45 30
44 30
43 30
42 30
41 30
40 30
39 30
38 30
37 30
36 30
35 30
34 30
33 30
32 30
31 30
30 30
30 29
29 29
28 29
28 30
27 30
26 30
25 30
24 30
23 30
22 30
21 30
20 30
20 31
20 32
19 32
18 32
17 32
16 32
15 32
14 32
14 33
14 34
13 34
12 34
11 34
10 34
9 34
8 34
7 34
6 34
5 34
4 34
4 33
4 32
5 32
6 32
7 32
8 32
8 31
8 30
7 30
6 30
5 30
4 30
3 30
2 30
2 29
2 28
3 28
4 28
5 28
6 28
7 28
8 28
9 28
10 28
11 28
12 28
12 27
12 26
13 26
14 26
15 26
16 26
17 26
18 26
19 26
20 26
21 26
22 26
23 26
24 26
24 27
24 28
25 28
26 28
26 27
26 26
27 26
28 26
28 25
28 24
29 24
30 24
31 24
32 24
33 24
34 24
35 24
36 24
37 24
38 24
39 24
40 24
41 24
42 24
43 24
44 24
44 23
44 22
43 22
42 22
41 22
40 22
39 22
38 22
37 22
36 22
35 22
34 22
33 22
32 22
31 22
30 22
29 22
28 22
27 22
26 22
25 22
24 22
23 22
22 22
22 23
23 23
24 23
24 24
23 24
22 24
21 24
20 24
19 24
18 24
17 24
16 24
16 23
16 22
15 22
14 22
14 21
14 20
15 20
16 20
17 20
18 20
19 20
20 20
21 20
22 20
22 19
22 18
21 18
20 18
19 18
18 18
17 18
16 18
15 18
14 18
13 18
12 18
11 18
10 18
9 18
8 18
7 18
6 18
5 18
4 18
3 18
2 18
2 17
2 16
3 16
4 16
5 16
6 16
7 16
8 16
9 16
10 16
11 16
12 16
13 16
14 16
15 16
16 16
17 16
18 16
19 16
20 16
21 16
22 16
23 16
24 16
24 17
25 17
25 18
26 18
27 18
28 18
29 18
30 18
31 18
32 18
33 18
34 18
34 19
34 20
35 20
36 20
37 20
38 20
38 19
38 18
39 18
40 18
41 18
42 18
43 18
44 18
44 19
44 20
45 20
46 20
47 20
48 20
48 19
48 18
49 18
50 18
51 18
52 18
52 19
52 20
53 20
54 20
55 20
56 20
57 20
58 20
58 21
58 22
59 22
60 22
61 22
62 22
63 22
64 22
65 22
66 22
67 22
68 22
68 21
68 20
68 19
68 18
67 18
66 18
65 18
64 18
64 17
64 16
65 16
66 16
67 16
68 16
68 15
68 14
69 14
70 14
71 14
72 14
72 13
73 13
73 12
72 12
71 12
70 12
69 12
68 12
67 12
66 12
66 11
66 10
67 10
68 10
69 10
70 10
71 10
72 10
73 10
74 10
74 9
74 8
74 7
74 6
74 5
74 4
73 4
72 4
71 4
70 4
69 4
68 4
68 5
69 5
70 5
70 6
69 6
68 6
67 6
66 6
65 6
64 6
63 6
62 6
61 6
60 6
59 6
58 6
57 6
56 6
56 7
55 7
55 8
56 8
56 9
56 10
57 10
58 10
58 11
58 12
57 12
56 12
55 12
54 12
53 12
52 12
51 12
50 12
50 11
50 10
49 10
48 10
47 10
46 10
45 10
44 10
43 10
42 10
41 10
40 10
39 10
38 10
38 9
38 8
39 8
40 8
41 8
42 8
42 7
42 6
41 6
40 6
39 6
38 6
38 5
38 4
39 4
40 4
41 4
42 4
43 4
44 4
45 4
46 4
46 3
47 3
47 2
46 2
45 2
44 2
43 2
42 2
41 2
40 2
39 2
38 2
37 2
36 2
35 2
34 2
33 2
32 2
31 2
30 2
29 2
28 2
27 2
26 2
25 2
24 2
24 3
24 4
23 4
22 4
21 4
20 4
19 4
18 4
17 4
16 4
15 4
14 4
14 3
13 3
12 3
12 4
13 4
13 5
12 5
12 6
11 6
10 6
9 6
8 6
7 6
6 6
5 6
4 6
4 5
4 4
3 4
2 4
2 5
2 6
2 7
2 8
3 8
4 8
5 8
6 8
7 8
8 8
9 8
10 8
11 8
12 8
13 8
14 8
14 9
15 9
16 9
16 8
17 8
17 7
16 7
15 7
14 7
14 6
15 6
16 6
17 6
18 6
19 6
20 6
21 6
22 6
23 6
24 6
25 6
26 6
27 6
28 6
29 6
30 6
31 6
32 6
33 6
34 6
34 7
34 8
35 8
36 8
36 9
36 10
35 10
34 10
33 10
32 10
31 10
30 10
29 10
28 10
28 11
28 12
29 12
30 12
31 12
32 12
33 12
34 12
35 12
36 12
37 12
38 12
39 12
40 12
40 13
40 14
41 14
42 14
43 14
44 14
45 14
46 14
47 14
48 14
49 14
50 14
51 14
52 14
53 14
54 14
55 14
56 14
57 14
58 14
59 14
60 14
60 15
61 15
62 15
62 16
61 16
60 16
59 16
58 16
57 16
56 16
55 16
54 16
53 16
52 16
51 16
50 16
49 16
48 16
47 16
46 16
45 16