150
19 11
19 12
18 12
17 12
16 12
16 11
16 10
17 10
18 10
18 9
19 9
19 8
18 8
17 8
16 8
15 8
14 8
13 8
12 8
12 9
12 10
12 11
11 11
10 11
10 12
9 12
8 12
8 13
8 14
9 14
10 14
11 14
12 14
13 14
14 14
15 14
16 14
16 15
16 16
17 16
18 16
19 16
19 17
18 17
18 18
19 18
19 19
18 19
17 19
16 19
16 18
15 18
14 18
14 17
14 16
13 16
12 16
12 17
12 18
12 19
11 19
10 19
9 19
8 19
7 19
6 19
5 19
4 19
4 18
4 17
3 17
2 17
2 16
3 16
4 16
5 16
6 16
6 15
6 14
6 13
6 12
5 12
4 12
4 11
3 11
2 11
2 10
3 10
4 10
5 10
6 10
7 10
7 9
8 9
9 9
10 9
10 8
10 7
10 6
9 6
8 6
7 6
7 5
8 5
9 5
10 5
10 4
9 4
8 4
7 4
6 4
5 4
4 4
3 4
2 4
2 3
2 2
3 2
4 2
5 2
6 2
7 2
8 2
9 2
10 2
11 2
12 2
13 2
14 2
15 2
16 2
17 2
17 3
17 4
16 4
15 4
14 4
14 5
14 6
15 6
16 6
17 6
17 7
16 7
15 7
14 7
13 7
12 7
12 6
13 6